13038 13045
13038 13045
13019 13038
13019 13045
13038 13045
13019 13038
13019 13045
13038 13045
13019 13020
13019 13044
13019 13045
13020 13044
13020 13045
13044 13045
13044 13045
13020 13045
13020 13038
13020 13045
13038 13045
13020 13038
13038 13045
13019 13027
13019 13038
13019 13045
13027 13038
13027 13045
13038 13045
13020 13045
13020 13044
13020 13045
13044 13045
13020 13044
13020 13045
13020 13045
13020 13045
13020 13045
13020 13045
13020 13038
13020 13045
13038 13045
13020 13038
13020 13045
13038 13045
13020 13045
13007 13016
13007 13038
13007 13045
13016 13038
13016 13045
13038 13045
13020 13028
13020 13028
13007 13020
13007 13020
13016 13020
13016 13020
13016 13028
13020 13028
13016 13020
13016 13028
13020 13028
13007 13016
13007 13020
13016 13020
13007 13016
13007 13020
13007 13028
13007 13044
13016 13020
13016 13028
13016 13044
13020 13028
13020 13044
13028 13044
13020 13028
13020 13028
13007 13020
13007 13028
13020 13028
13020 13028
13028 13038
13028 13045
13038 13045
13020 13028
13020 13038
13028 13038
13007 13016
13007 13020
13007 13045
13016 13020
13016 13045
13020 13045
13020 13044
13020 13038
13020 13044
13038 13044
13020 13038
13020 13044
13038 13044
13020 13044
13020 13044
13020 13038
13019 13028
13020 13028
13020 13038
13028 13038
13020 13038
13020 13044
13038 13044
13019 13028
13020 13044
13019 13028
13020 13028
13020 13044
13028 13044
13020 13028
13020 13044
13020 13054
13028 13044
13028 13054
13044 13054
13020 13044
13020 13044
13020 13062
13008 13062
13008 13062
13008 13028
13020 13044
13020 13062
13044 13062
13039 13044
13039 13062
13044 13062
13039 13054
13039 13062
13054 13062
13039 13062
13038 13062
13020 13044
13020 13062
13044 13062
13039 13062
13008 13039
13008 13062
13039 13062
13039 13062
13039 13062
13008 13020
13008 13054
13020 13054
13020 13054
13020 13062
13054 13062
13020 13022
13020 13028
13020 13044
13022 13028
13022 13044
13028 13044
13028 13054
13020 13044
13020 13050
13020 13054
13044 13050
13044 13054
13050 13054
13008 13044
13020 13021
13020 13022
13020 13044
13021 13022
13021 13044
13022 13044
13020 13044
13020 13054
13044 13054
13020 13054
13020 13054
13008 13044
13008 13054
13044 13054
13020 13022
13020 13054
13022 13054
13020 13039
13020 13054
13039 13054
13020 13044
13008 13054
13020 13044
13020 13051
13020 13050
13020 13044
13020 13044
13008 13054
13008 13020
13044 13054
13008 13054
13020 13054
13008 13022
13020 13044
13020 13044
13008 13020
13008 13054
13020 13054
13000 13020
13000 13051
13000 13054
13020 13051
13020 13054
13051 13054
13001 13008
13001 13020
13001 13044
13001 13054
13008 13020
13008 13044
13008 13054
13020 13044
13020 13054
13044 13054
13000 13001
13000 13008
13000 13017
13000 13020
13000 13063
13001 13008
13001 13017
13001 13020
13001 13063
13008 13017
13008 13020
13008 13063
13017 13020
13017 13063
13020 13063
13017 13063
13020 13044
13020 13051
13044 13051
13000 13020
13000 13044
13020 13044
13020 13051
13008 13051
13008 13054
13051 13054
13020 13044
13020 13054
13044 13054
13020 13054
13020 13051
13020 13051
13020 13051
13020 13051
13020 13054
13051 13054
13020 13051
13020 13054
13051 13054
13020 13054
13020 13054
13020 13044
13020 13044
13039 13051
13039 13054
13051 13054
13022 13039
13022 13054
13039 13054
13008 13020
13008 13054
13020 13054
13020 13054
13014 13054
13008 13014
13008 13054
13014 13054
13020 13051
13014 13062
13020 13038
13020 13062
13038 13062
13020 13044
13020 13054
13044 13054
13044 13062
13038 13062
13044 13062
13044 13062
13003 13013
13003 13019
13003 13060
13003 13062
13013 13019
13013 13060
13013 13062
13019 13060
13019 13062
13060 13062
13003 13019
13003 13062
13019 13062
13003 13019
13003 13019
13003 13062
13019 13062
13018 13062
13003 13019
13003 13019
13003 13019
13003 13062
13003 13013
13003 13019
13003 13062
13013 13019
13013 13062
13019 13062
13020 13062
13003 13062
13003 13062
13003 13062
13003 13062
13003 13062
13003 13013
13003 13019
13013 13019
13004 13062
13004 13062
13004 13062
13004 13062
13004 13062
13004 13062
13003 13062
13004 13062
13004 13062
13004 13062
13004 13019
13004 13062
13004 13062
13004 13062
13004 13062
13004 13062
13004 13062
13004 13062
13004 13062
13004 13062
13004 13025
13004 13062
13004 13029
13004 13029
13004 13062
13029 13062
13004 13029
13004 13062
13029 13062
13004 13029
13004 13029
13046 13062
13019 13055
13046 13055
13046 13055
13046 13055
13040 13046
13004 13029
13004 13055
13004 13046
13004 13055
13046 13055
13046 13055
13046 13055
13040 13055
13004 13046
13004 13055
13046 13055
13040 13055
13046 13055
13046 13055
13046 13055
13046 13055
13019 13055
13046 13055
13046 13055
13046 13055
13004 13055
13004 13062
13055 13062
13004 13062
13041 13046
13025 13046
13025 13046
13025 13046
13019 13025
13019 13041
13019 13046
13025 13041
13025 13046
13041 13046
13004 13025
13004 13041
13004 13046
13025 13041
13025 13046
13041 13046
13025 13041
13041 13046
13025 13041
13025 13041
13019 13041
13025 13041
13019 13025
13019 13041
13025 13041
13019 13041
13025 13039
13025 13039
13025 13062
13039 13062
13025 13039
13025 13041
13025 13039
13025 13054
13039 13054
13025 13039
13025 13041
13039 13041
13025 13039
13025 13039
13025 13039
13025 13041
13039 13041
13025 13039
13025 13039
13025 13041
13025 13039
13025 13041
13039 13041
13025 13039
13025 13039
13025 13039
13025 13039
13025 13039
13025 13046
13039 13046
13025 13039
13039 13041
13025 13039
13025 13041
13039 13041
13025 13039
13025 13041
13039 13041
13025 13039
13025 13046
13039 13046
13004 13025
13004 13039
13025 13039
13004 13025
13004 13039
13004 13041
13039 13041
13004 13025
13004 13046
13025 13046
13025 13046
13025 13046
13025 13046
13025 13046
13025 13046
13002 13025
13002 13025
13002 13025
13002 13025
13002 13062
13025 13062
13002 13025
13002 13025
13025 13062
13002 13025
13002 13025
13002 13025
13002 13025
13002 13025
13002 13025
13000 13025
13002 13025
13017 13063
13000 13002
13000 13025
13002 13025
13002 13025
13000 13002
13000 13025
13002 13025
13000 13025
13000 13002
13000 13025
13002 13025
13002 13025
13002 13025
13002 13025
13000 13001
13000 13025
13000 13002
13002 13025
13002 13025
13002 13025
13002 13025
13000 13025
13000 13002
13000 13025
13002 13025
13002 13025
13000 13002
13000 13025
13002 13025
13002 13025
13002 13025
13002 13025
13002 13025
13002 13025
13002 13025
13002 13025
13000 13004
13000 13025
13000 13029
13000 13041
13004 13025
13004 13029
13004 13041
13025 13029
13025 13041
13029 13041
13004 13025
13004 13025
13002 13025
13000 13004
13000 13004
13000 13025
13004 13025
13000 13025
13025 13039
13025 13039
13004 13021
13004 13039
13021 13039
13000 13014
13000 13021
13014 13021
13004 13025
13002 13004
13002 13025
13004 13025
13000 13004
13000 13017
13000 13020
13000 13025
13000 13044
13000 13063
13004 13017
13004 13020
13004 13025
13004 13044
13004 13063
13017 13020
13017 13025
13017 13044
13017 13063
13020 13025
13020 13044
13020 13063
13025 13044
13025 13063
13044 13063
13002 13004
13002 13039
13004 13039
13002 13025
13004 13025
13002 13025
13000 13004
13000 13025
13000 13046
13025 13046
13000 13002
13000 13025
13002 13025
13025 13041
13004 13019
13004 13025
13004 13041
13019 13025
13019 13041
13025 13041
13004 13025
13002 13025
13000 13002
13000 13019
13000 13025
13002 13019
13002 13025
13019 13025
13004 13029
13004 13025
13004 13021
13021 13025
13021 13039
13025 13039
13000 13004
13000 13014
13000 13021
13000 13025
13000 13050
13004 13014
13004 13021
13004 13025
13004 13050
13014 13021
13014 13025
13014 13050
13021 13025
13021 13050
13025 13050
13025 13039
13008 13021
13008 13039
13008 13051
13008 13054
13021 13039
13021 13051
13021 13054
13039 13051
13039 13054
13051 13054
13004 13025
13004 13021
13004 13025
13021 13025
13002 13021
13002 13025
13021 13025
13008 13021
13008 13025
13008 13039
13008 13051
13008 13054
13008 13062
13025 13039
13025 13051
13025 13054
13025 13062
13039 13051
13039 13054
13039 13062
13051 13054
13051 13062
13054 13062
13008 13021
13008 13025
13021 13025
13002 13025
13002 13039
13025 13039
13008 13021
13008 13025
13021 13025
13021 13025
13021 13025
13000 13002
13000 13004
13000 13021
13002 13004
13002 13021
13004 13021
13008 13025
13008 13021
13008 13025
13021 13025
13008 13025
13008 13025
13008 13039
13008 13051
13025 13039
13025 13051
13039 13051
13004 13021
13008 13039
13008 13051
13039 13051
13021 13022
13021 13025
13022 13025
13008 13021
13008 13025
13021 13025
13021 13022
13021 13025
13022 13025
13021 13025
13021 13022
13021 13022
13021 13041
13022 13041
13000 13002
13000 13004
13002 13004
13021 13025
13021 13041
13025 13041
13021 13022
13002 13008
13002 13021
13002 13025
13008 13021
13008 13025
13021 13025
13008 13021
13008 13025
13021 13025
13004 13021
13004 13025
13021 13025
13008 13051
13029 13041
13021 13022
13000 13002
13004 13039
13004 13051
13039 13051
13004 13021
13004 13039
13021 13039
13021 13025
13004 13021
13004 13025
13021 13025
13000 13002
13004 13021
13004 13029
13004 13041
13021 13029
13021 13041
13029 13041
13021 13025
13021 13042
13021 13025
13021 13025
13021 13022
13021 13025
13022 13025
13021 13025
13021 13025
13022 13025
13021 13042
13021 13022
13021 13047
13021 13052
13021 13047
13021 13052
13047 13052
13047 13052
13025 13047
13025 13052
13047 13052
13021 13025
13021 13047
13025 13047
13014 13021
13021 13047
13021 13052
13047 13052
13021 13025
13021 13025
13021 13022
13047 13052
13020 13021
13020 13044
13021 13044
13020 13044
13020 13021
13020 13021
13020 13021
13020 13051
13020 13054
13020 13062
13021 13051
13021 13054
13021 13062
13051 13054
13051 13062
13054 13062
13020 13021
13020 13021
13020 13022
13020 13054
13020 13062
13021 13022
13021 13054
13021 13062
13022 13054
13022 13062
13054 13062
13020 13021
13020 13025
13020 13044
13021 13025
13021 13044
13025 13044
13020 13021
13020 13044
13021 13044
13020 13021
13020 13044
13021 13044
13020 13021
13020 13044
13021 13044
13020 13021
13020 13044
13021 13044
13020 13021
13020 13025
13020 13044
13021 13025
13021 13044
13025 13044
13021 13025
13020 13021
13020 13025
13020 13044
13021 13025
13021 13044
13025 13044
13020 13021
13020 13044
13021 13044
13020 13021
13020 13050
13021 13050
13020 13021
13020 13044
13020 13050
13021 13044
13021 13050
13044 13050
13021 13044
13021 13022
13020 13044
13020 13047
13020 13052
13044 13047
13044 13052
13047 13052
13020 13021
13020 13021
13020 13044
13021 13044
13020 13021
13020 13021
13020 13021
13020 13044
13021 13044
13020 13021
13020 13021
13020 13044
13021 13044
13020 13021
13020 13044
13021 13044
13020 13021
13020 13022
13020 13050
13022 13050
13020 13021
13020 13025
13020 13044
13021 13025
13021 13044
13025 13044
13020 13021
13020 13044
13021 13044
13021 13025
13021 13025
13020 13025
13020 13044
13025 13044
13020 13021
13014 13021
13014 13022
13014 13044
13021 13022
13021 13044
13022 13044
13020 13021
13020 13022
13020 13044
13021 13022
13021 13044
13022 13044
13020 13021
13020 13022
13021 13022
13020 13021
13020 13025
13021 13025
13020 13021
13020 13044
13021 13044
13021 13025
13020 13025
13020 13044
13025 13044
13020 13025
13020 13025
13020 13044
13025 13044
13020 13021
13020 13050
13021 13050
13025 13044
13025 13044
13025 13044
13020 13021
13020 13025
13020 13044
13021 13025
13021 13044
13025 13044
13021 13025
13021 13044
13025 13044
13021 13025
13021 13044
13025 13044
13025 13044
13020 13025
13020 13044
13025 13044
13020 13021
13020 13025
13020 13044
13021 13025
13021 13044
13025 13044
13021 13044
13020 13025
13020 13044
13025 13044
13020 13044
13020 13021
13022 13052
13020 13021
13020 13025
13020 13044
13021 13025
13021 13044
13025 13044
13000 13002
13000 13025
13002 13025
13002 13025
13000 13020
13000 13021
13000 13025
13020 13021
13020 13025
13021 13025
13000 13025
13000 13002
13000 13002
13000 13021
13002 13021
13000 13021
13002 13021
13002 13025
13021 13025
13000 13002
13000 13021
13002 13021
13000 13002
13000 13014
13000 13021
13002 13014
13002 13021
13014 13021
13000 13020
13000 13021
13020 13021
13000 13002
13000 13021
13000 13025
13002 13021
13002 13025
13021 13025
13000 13002
13000 13025
13002 13025
13000 13002
13002 13025
13002 13025
13002 13025
13002 13025
13002 13025
13002 13025
13002 13025
13002 13025
13000 13002
13000 13025
13002 13025
13000 13002
13000 13002
13000 13025
13002 13025
13000 13019
13000 13002
13000 13002
13019 13022
13019 13025
13002 13020
13002 13025
13020 13025
13002 13025
13002 13025
13000 13002
13002 13039
13002 13025
13002 13025
13002 13025
13002 13025
13002 13025
13002 13025
13002 13019
13002 13025
13019 13025
13000 13021
13000 13002
13000 13021
13002 13021
13002 13025
13002 13025
13002 13021
13000 13002
13000 13021
13002 13021
13000 13002
13000 13021
13002 13021
13000 13025
13002 13021
13002 13025
13021 13025
13002 13025
13002 13025
13002 13021
13002 13025
13002 13025
13002 13025
13002 13025
13002 13019
13002 13025
13002 13047
13002 13052
13019 13025
13019 13047
13019 13052
13025 13047
13025 13052
13047 13052
13021 13025
13021 13047
13021 13052
13025 13047
13025 13052
13047 13052
13002 13021
13002 13025
13021 13025
13008 13025
13008 13052
13025 13052
13002 13025
13002 13052
13025 13052
13025 13052
13025 13047
13025 13052
13002 13025
13002 13052
13025 13052
13002 13025
13002 13052
13025 13052
13002 13025
13025 13052
13000 13002
13000 13025
13002 13025
13000 13025
13000 13052
13025 13052
13002 13025
13002 13025
13000 13002
13000 13021
13002 13021
13002 13025
13000 13025
13000 13019
13000 13019
13000 13002
13000 13019
13000 13002
13000 13002
13000 13002
13000 13025
13002 13025
13000 13002
13000 13025
13002 13025
13000 13002
13000 13021
13002 13021
13002 13025
13002 13025
13002 13025
13002 13025
13002 13025
13000 13025
13002 13025
13000 13002
13000 13025
13002 13025
13002 13025
13000 13001
13000 13025
13001 13025
13001 13025
13001 13025
13001 13025
13001 13019
13002 13025
13001 13025
13002 13025
13001 13002
13001 13025
13001 13062
13002 13025
13002 13062
13025 13062
13001 13025
13001 13002
13001 13025
13002 13025
13001 13025
13001 13019
13001 13025
13019 13025
13001 13025
13001 13025
13001 13025
13001 13025
13001 13025
13001 13025
13001 13025
13001 13002
13001 13025
13002 13025
13001 13025
13001 13025
13002 13025
13002 13046
13025 13046
13002 13025
13002 13025
13025 13062
13001 13025
13001 13025
13001 13025
13001 13025
13001 13025
13001 13025
13001 13025
13001 13025
13001 13025
13001 13025
13001 13025
13001 13025
13001 13025
13001 13025
13000 13001
13000 13002
13000 13025
13001 13002
13001 13025
13002 13025
13000 13002
13000 13025
13002 13025
13000 13025
13025 13037
13000 13001
13000 13025
13001 13025
13000 13025
13000 13001
13001 13025
13000 13025
13000 13001
13000 13021
13000 13025
13001 13021
13001 13025
13021 13025
13001 13025
13014 13024
13014 13025
13024 13025
13021 13025
13025 13047
13025 13052
13047 13052
13021 13050
13021 13054
13050 13054
13001 13025
13021 13025
13002 13025
13002 13039
13002 13044
13002 13046
13025 13039
13025 13044
13025 13046
13039 13044
13039 13046
13044 13046
13000 13025
13001 13021
13001 13025
13021 13025
13001 13025
13001 13025
13001 13025
13000 13002
13000 13025
13002 13025
13000 13025
13002 13025
13000 13002
13000 13025
13002 13025
13002 13025
13001 13021
13001 13025
13001 13021
13001 13014
13001 13021
13001 13025
13014 13021
13014 13025
13021 13025
13001 13021
13001 13021
13001 13021
13001 13025
13021 13025
13001 13021
13000 13002
13000 13025
13002 13025
13000 13001
13000 13021
13001 13021
13000 13002
13000 13001
13000 13021
13000 13001
13000 13021
13001 13021
13000 13001
13000 13021
13001 13021
13000 13001
13000 13030
13000 13001
13000 13021
13001 13021
13001 13020
13001 13021
13020 13021
13001 13021
13000 13001
13000 13001
13000 13021
13001 13021
13000 13021
13001 13021
13021 13025
13001 13025
13000 13025
13000 13025
13000 13001
13000 13021
13000 13022
13000 13025
13021 13022
13021 13025
13022 13025
13000 13025
13001 13025
13001 13021
13001 13022
13001 13025
13021 13022
13021 13025
13022 13025
13000 13001
13000 13021
13000 13025
13001 13021
13001 13025
13021 13025
13000 13025
13000 13001
13000 13021
13000 13025
13001 13021
13001 13025
13021 13025
13000 13001
13000 13021
13000 13025
13001 13021
13001 13025
13021 13025
13021 13025
13021 13025
13000 13001
13000 13021
13000 13025
13001 13021
13001 13025
13021 13025
13000 13001
13000 13002
13000 13021
13001 13002
13001 13021
13002 13021
13021 13025
13021 13025
13021 13025
13001 13025
13021 13025
13021 13025
13021 13025
13001 13021
13001 13025
13021 13025
13021 13025
13021 13025
13021 13022
13021 13025
13021 13025
13021 13025
13021 13025
13021 13022
13021 13025
13022 13025
13021 13025
13000 13001
13009 13053
13009 13025
13009 13053
13025 13053
13009 13053
13025 13062
13000 13003
13000 13025
13003 13025
13025 13062
13026 13037
13026 13037
13026 13037
13025 13026
13025 13037
13026 13037
13025 13026
13025 13037
13026 13037
13025 13026
13025 13037
13026 13037
13025 13026
13025 13037
13026 13037
13026 13037
13019 13025
13019 13026
13025 13026
13025 13026
13025 13026
13025 13037
13026 13037
13019 13025
13019 13026
13019 13037
13025 13026
13025 13037
13026 13037
13025 13026
13025 13026
13025 13037
13026 13037
13026 13037
13025 13026
13025 13037
13026 13037
13025 13037
13019 13037
13000 13001
13000 13025
13001 13025
13026 13037
13025 13026
13025 13037
13026 13037
13010 13025
13010 13026
13010 13037
13025 13026
13025 13037
13026 13037
13010 13025
13010 13026
13010 13037
13025 13026
13025 13037
13026 13037
13010 13026
13010 13037
13026 13037
13010 13019
13025 13026
13025 13037
13026 13037
13010 13037
13025 13053
13010 13037
13025 13026
13025 13037
13026 13037
13010 13026
13010 13037
13026 13037
13025 13026
13025 13037
13026 13037
13026 13037
13026 13037
13025 13026
13025 13037
13026 13037
13010 13025
13010 13037
13025 13037
13025 13037
13025 13026
13025 13037
13026 13037
13010 13025
13001 13010
13001 13025
13010 13025
13025 13026
13025 13037
13026 13037
13010 13025
13010 13025
13025 13026
13025 13037
13026 13037
13026 13037
13025 13026
13025 13037
13026 13037
13026 13037
13025 13037
13025 13026
13025 13037
13026 13037
13025 13037
13025 13026
13025 13037
13026 13037
13025 13026
13025 13037
13026 13037
13025 13037
13025 13026
13025 13037
13026 13037
13025 13026
13025 13037
13026 13037
13025 13044
13011 13020
13011 13020
13011 13020
13011 13020
13011 13025
13011 13032
13011 13020
13011 13025
13020 13025
13011 13020
13011 13032
13011 13044
13020 13032
13020 13044
13032 13044
13011 13020
13011 13032
13020 13032
13011 13020
13011 13032
13020 13032
13011 13020
13011 13064
13020 13064
13011 13020
13011 13032
13011 13064
13020 13032
13020 13064
13032 13064
13011 13020
13025 13044
13020 13021
13020 13032
13020 13032
13011 13020
13011 13032
13020 13032
13020 13025
13020 13025
13025 13064
13025 13064
13025 13064
13025 13064
13020 13025
13020 13064
13025 13064
13020 13025
13020 13044
13025 13044
13019 13025
13019 13044
13025 13044
13019 13020
13019 13044
13020 13044
13019 13020
13019 13044
13020 13044
13019 13020
13011 13020
13011 13044
13020 13044
13019 13020
13019 13020
13019 13020
13019 13021
13019 13025
13019 13044
13020 13021
13020 13025
13020 13044
13021 13025
13021 13044
13025 13044
13019 13020
13019 13021
13019 13025
13020 13021
13020 13025
13021 13025
13020 13025
13020 13044
13011 13020
13011 13050
13020 13050
13011 13020
13011 13032
13011 13044
13020 13032
13020 13044
13032 13044
13032 13064
13020 13044
13020 13064
13044 13064
13011 13020
13011 13032
13011 13064
13020 13032
13020 13064
13032 13064
13020 13025
13020 13064
13025 13064
13020 13032
13020 13044
13032 13044
13032 13064
13020 13044
13020 13064
13044 13064
13020 13044
13020 13025
13020 13032
13025 13032
13025 13032
13032 13044
13025 13032
13025 13044
13032 13044
13025 13032
13025 13044
13032 13044
13011 13020
13011 13025
13011 13032
13011 13044
13020 13025
13020 13032
13020 13044
13025 13032
13025 13044
13032 13044
13025 13032
13020 13032
13020 13044
13032 13044
13025 13032
13020 13025
13025 13032
13011 13025
13011 13032
13025 13032
13020 13025
13020 13032
13025 13032
13025 13032
13025 13044
13032 13044
13025 13032
13025 13032
13020 13032
13020 13044
13032 13044
13025 13032
13025 13044
13032 13044
13020 13032
13020 13025
13020 13032
13020 13044
13025 13032
13025 13044
13032 13044
13020 13025
13020 13032
13025 13032
13020 13044
13020 13044
13020 13025
13020 13032
13025 13032
13020 13025
13020 13032
13025 13032
13025 13032
13020 13032
13020 13044
13032 13044
13025 13032
13025 13044
13032 13044
13021 13025
13021 13032
13025 13032
13020 13025
13020 13032
13025 13032
13025 13032
13025 13032
13011 13032
13011 13025
13011 13025
13011 13025
13011 13020
13011 13025
13020 13025
13011 13020
13011 13025
13020 13025
13011 13025
13020 13044
13025 13044
13011 13020
13011 13025
13020 13025
13020 13025
13020 13064
13025 13064
13020 13032
13032 13044
13032 13064
13044 13064
13025 13044
13011 13020
13011 13025
13020 13025
13025 13044
13002 13025
13002 13044
13025 13044
13025 13026
13025 13037
13026 13037
13044 13064
13025 13064
13044 13064
13025 13064
13011 13020
13011 13044
13020 13044
13025 13044
13021 13044
13025 13044
13020 13044
13020 13025
13020 13025
13020 13025
13020 13044
13025 13044
13020 13025
13020 13044
13025 13044
13025 13044
13002 13025
13002 13044
13025 13044
13020 13044
13020 13044
13020 13025
13020 13044
13025 13044
13020 13044
13020 13025
13020 13044
13025 13044
13020 13025
13020 13044
13025 13044
13020 13025
13020 13044
13025 13044
13025 13044
13025 13044
13025 13044
13020 13025
13020 13044
13025 13044
13020 13021
13020 13025
13020 13044
13021 13025
13021 13044
13025 13044
13000 13002
13000 13020
13000 13025
13002 13020
13002 13025
13020 13025
13001 13002
13001 13020
13001 13021
13001 13025
13001 13026
13001 13037
13001 13044
13002 13020
13002 13021
13002 13025
13002 13026
13002 13037
13002 13044
13020 13021
13020 13025
13020 13026
13020 13037
13020 13044
13021 13025
13021 13026
13021 13037
13021 13044
13025 13026
13025 13037
13025 13044
13026 13037
13026 13044
13037 13044
13020 13025
13020 13044
13020 13062
13025 13044
13025 13062
13044 13062
13020 13022
13020 13054
13022 13054
13020 13025
13020 13044
13020 13054
13025 13044
13025 13054
13044 13054
13020 13021
13020 13025
13020 13044
13020 13050
13021 13025
13021 13044
13021 13050
13025 13044
13025 13050
13044 13050
13020 13044
13025 13044
13020 13025
13020 13025
13020 13044
13025 13044
13020 13025
13020 13032
13025 13032
13020 13025
13020 13025
13025 13044
13020 13044
13020 13025
13020 13025
13020 13044
13025 13044
13020 13025
13020 13025
13020 13025
13020 13044
13025 13044
13020 13025
13020 13044
13025 13044
13020 13025
13020 13044
13020 13044
13004 13018
13004 13020
13004 13022
13004 13025
13004 13039
13018 13020
13018 13022
13018 13025
13018 13039
13020 13022
13020 13025
13020 13039
13022 13025
13022 13039
13025 13039
13020 13044
13020 13025
13020 13026
13020 13037
13025 13026
13025 13037
13026 13037
13020 13025
13020 13064
13025 13064
13025 13026
13025 13037
13026 13037
13025 13026
13025 13037
13026 13037
13025 13026
13025 13037
13026 13037
13020 13025
13020 13025
13020 13026
13020 13037
13025 13026
13025 13037
13026 13037
13020 13025
13020 13026
13020 13037
13026 13037
13020 13025
13020 13062
13025 13062
13020 13044
13020 13043
13020 13044
13043 13044
13020 13025
13020 13044
13025 13044
13002 13025
13002 13025
13002 13025
13002 13025
13002 13025
13002 13025
13002 13025
13002 13025
13002 13025
13002 13025
13002 13025
13002 13025
13002 13025
13002 13044
13025 13044
13002 13025
13002 13025
13020 13044
13002 13044
13020 13025
13020 13044
13025 13044
13002 13020
13002 13025
13020 13025
13002 13025
13000 13002
13000 13025
13002 13025
13002 13020
13002 13025
13020 13025
13000 13002
13000 13025
13002 13025
13002 13020
13002 13025
13002 13043
13020 13025
13020 13043
13025 13043
13002 13025
13002 13025
13020 13025
13002 13025
13002 13025
13002 13025
13001 13002
13001 13025
13002 13025
13001 13048
13001 13002
13001 13025
13002 13025
13001 13019
13012 13019
13001 13019
13019 13033
13001 13019
13012 13033
13012 13048
13033 13048
13012 13033
13012 13048
13012 13056
13033 13048
13033 13056
13048 13056
13001 13056
13001 13056
13012 13033
13012 13048
13033 13048
13001 13012
13001 13033
13001 13048
13012 13033
13012 13048
13033 13048
13001 13012
13001 13012
13001 13033
13001 13056
13012 13033
13012 13056
13033 13056
13001 13012
13001 13033
13001 13048
13012 13033
13012 13048
13033 13048
13001 13002
13001 13012
13001 13025
13001 13033
13001 13048
13002 13012
13002 13025
13002 13033
13002 13048
13012 13025
13012 13033
13012 13048
13025 13033
13025 13048
13033 13048
13001 13033
13001 13048
13033 13048
13001 13025
13001 13025
13001 13033
13025 13033
13001 13033
13001 13012
13001 13033
13001 13048
13012 13033
13012 13048
13033 13048
13001 13025
13001 13048
13025 13048
13001 13002
13001 13025
13002 13025
13001 13012
13001 13025
13001 13033
13001 13048
13001 13056
13012 13025
13012 13033
13012 13048
13012 13056
13025 13033
13025 13048
13025 13056
13033 13048
13033 13056
13048 13056
13001 13012
13001 13025
13001 13033
13001 13056
13012 13025
13012 13033
13012 13056
13025 13033
13025 13056
13033 13056
13001 13012
13001 13056
13012 13056
13001 13056
13001 13012
13001 13025
13001 13033
13001 13056
13012 13025
13012 13033
13012 13056
13025 13033
13025 13056
13033 13056
13001 13025
13001 13002
13001 13025
13002 13025
13001 13025
13001 13021
13001 13025
13021 13025
13001 13025
13002 13025
13001 13025
13001 13002
13001 13025
13002 13025
13001 13025
13001 13002
13001 13025
13002 13025
13001 13025
13001 13025
13001 13025
13001 13048
13025 13048
13002 13022
13002 13025
13002 13048
13022 13025
13022 13048
13025 13048
13025 13048
13002 13025
13002 13025
13002 13048
13025 13048
13002 13056
13001 13002
13001 13056
13002 13056
13002 13025
13002 13048
13002 13056
13025 13048
13025 13056
13048 13056
13002 13020
13002 13025
13020 13025
13019 13033
13002 13056
13001 13002
13001 13025
13001 13048
13001 13056
13002 13025
13002 13048
13002 13056
13025 13048
13025 13056
13048 13056
13002 13025
13002 13056
13025 13056
13001 13002
13001 13025
13001 13048
13002 13025
13002 13048
13025 13048
13002 13025
13002 13048
13002 13056
13025 13048
13025 13056
13048 13056
13002 13025
13002 13025
13002 13025
13002 13056
13025 13056
13019 13033
13012 13019
13012 13033
13012 13048
13012 13056
13019 13033
13019 13048
13019 13056
13033 13048
13033 13056
13048 13056
13048 13056
13001 13025
13002 13025
13002 13025
13002 13025
13002 13048
13025 13048
13004 13019
13004 13025
13004 13029
13004 13041
13004 13055
13019 13025
13019 13029
13019 13041
13019 13055
13025 13029
13025 13041
13025 13055
13029 13041
13029 13055
13041 13055
13001 13004
13001 13012
13001 13048
13001 13056
13004 13012
13004 13048
13004 13056
13012 13048
13012 13056
13048 13056
13002 13025
13004 13048
13004 13048
13004 13048
13004 13029
13004 13048
13004 13048
13004 13033
13004 13056
13004 13056
13004 13056
13004 13041
13004 13056
13041 13056
13002 13025
13002 13041
13002 13056
13025 13041
13025 13056
13041 13056
13012 13041
13012 13048
13012 13056
13041 13048
13041 13056
13048 13056
13002 13025
13012 13041
13022 13025
13022 13048
13025 13048
13004 13025
13004 13025
13004 13025
13025 13033
13004 13025
13002 13004
13002 13025
13004 13025
13018 13048
13002 13025
13002 13046
13025 13046
13004 13025
13004 13046
13025 13046
13004 13025
13004 13025
13004 13018
13004 13025
13018 13025
13004 13021
13004 13025
13021 13025
13004 13025
13004 13025
13002 13004
13002 13020
13002 13025
13004 13020
13004 13025
13020 13025
13004 13025
13004 13025
13002 13004
13002 13025
13004 13025
13004 13025
13000 13004
13000 13025
13004 13025
13001 13004
13001 13025
13001 13056
13004 13025
13004 13056
13025 13056
13004 13025
13004 13025
13002 13004
13002 13025
13004 13025
13004 13048
13004 13048
13004 13025
13004 13021
13004 13025
13021 13025
13002 13004
13002 13039
13004 13039
13004 13025
13008 13039
13008 13042
13008 13047
13008 13051
13008 13054
13039 13042
13039 13047
13039 13051
13039 13054
13042 13047
13042 13051
13042 13054
13047 13051
13047 13054
13051 13054
13012 13048
13004 13051
13004 13021
13004 13021
13004 13021
13004 13025
13021 13025
13020 13043
13020 13044
13043 13044
13021 13025
13004 13021
13004 13025
13021 13025
13019 13020
13019 13025
13019 13043
13019 13044
13020 13025
13020 13043
13020 13044
13025 13043
13025 13044
13043 13044
13002 13020
13004 13019
13004 13020
13004 13025
13004 13033
13004 13043
13004 13048
13019 13020
13019 13025
13019 13033
13019 13043
13019 13048
13020 13025
13020 13033
13020 13043
13020 13048
13025 13033
13025 13043
13025 13048
13033 13043
13033 13048
13043 13048
13004 13025
13004 13021
13018 13048
13004 13043
13004 13020
13004 13021
13004 13043
13020 13021
13020 13043
13021 13043
13020 13022
13004 13025
13004 13020
13004 13025
13020 13025
13020 13025
13020 13044
13025 13044
13004 13022
13004 13044
13004 13020
13020 13025
13020 13026
13020 13037
13025 13026
13025 13037
13026 13037
13026 13037
13004 13021
13004 13025
13004 13026
13004 13037
13021 13025
13021 13026
13021 13037
13025 13026
13025 13037
13026 13037
13012 13033
13012 13037
13012 13048
13012 13056
13033 13037
13033 13048
13033 13056
13037 13048
13037 13056
13048 13056
13037 13056
13037 13056
13043 13056
13037 13056
13026 13037
13025 13026
13025 13044
13002 13020
13002 13021
13002 13025
13020 13021
13020 13025
13021 13025
13002 13020
13002 13021
13020 13021
13025 13037
13002 13025
13002 13025
13002 13025
13004 13020
13004 13022
13004 13025
13022 13025
13022 13025
13029 13041
13029 13055
13041 13055
13018 13037
13004 13022
13022 13025
13002 13020
13002 13025
13002 13037
13002 13044
13020 13025
13020 13037
13020 13044
13025 13037
13025 13044
13037 13044
13004 13037
13004 13025
13004 13025
13020 13025
13020 13037
13020 13044
13025 13037
13025 13044
13037 13044
13004 13025
13004 13026
13004 13037
13025 13026
13025 13037
13026 13037
13025 13026
13025 13037
13026 13037
13020 13025
13020 13044
13025 13044
13019 13025
13019 13026
13025 13026
13012 13026
13012 13033
13012 13048
13012 13056
13026 13033
13026 13048
13026 13056
13033 13048
13033 13056
13048 13056
13025 13026
13025 13037
13026 13037
13025 13026
13025 13037
13026 13037
13026 13037
13021 13037
13026 13037
13025 13026
13025 13037
13025 13056
13026 13037
13026 13056
13037 13056
13002 13020
13002 13021
13002 13022
13002 13056
13020 13021
13020 13022
13020 13056
13021 13022
13021 13056
13022 13056
13020 13021
13020 13044
13022 13025
13022 13044
13025 13044
13022 13044
13002 13022
13020 13021
13020 13048
13021 13048
13004 13025
13021 13025
13020 13025
13020 13026
13020 13037
13020 13044
13025 13026
13025 13037
13025 13044
13026 13037
13026 13044
13037 13044
13025 13044
13004 13025
13002 13025
13002 13022
13002 13025
13022 13025
13002 13025
13002 13056
13025 13056
13002 13033
13002 13048
13033 13048
13002 13022
13002 13025
13022 13025
13002 13021
13002 13022
13002 13025
13021 13022
13021 13025
13022 13025
13022 13025
13020 13025
13020 13044
13025 13044
13002 13021
13002 13025
13002 13050
13021 13025
13021 13050
13025 13050
13002 13025
13002 13025
13002 13022
13022 13025
13022 13050
13025 13050
13002 13021
13002 13022
13002 13025
13021 13022
13021 13025
13022 13025
13022 13025
13002 13022
13002 13025
13022 13025
13025 13046
13002 13025
13002 13025
13002 13046
13025 13046
13002 13025
13002 13041
13025 13041
13002 13025
13002 13046
13025 13046
13002 13025
13002 13022
13002 13025
13022 13025
13002 13025
13020 13022
13002 13022
13002 13003
13002 13022
13002 13025
13003 13022
13003 13025
13022 13025
13002 13022
13002 13025
13022 13025
13002 13025
13002 13022
13002 13025
13022 13025
13002 13022
13002 13025
13022 13025
13002 13022
13002 13020
13002 13025
13020 13025
13020 13025
13020 13044
13025 13044
13020 13025
13022 13025
13004 13020
13004 13021
13004 13044
13020 13021
13020 13044
13021 13044
13002 13025
13002 13044
13025 13044
13020 13025
13020 13044
13020 13021
13020 13025
13020 13044
13021 13025
13021 13044
13025 13044
13020 13025
13020 13044
13025 13044
13014 13020
13014 13026
13014 13037
13020 13026
13020 13037
13026 13037
13020 13026
13020 13037
13020 13044
13026 13037
13026 13044
13037 13044
13020 13021
13020 13021
13020 13022
13020 13025
13021 13022
13021 13025
13022 13025
13020 13025
13020 13026
13020 13037
13020 13044
13025 13026
13025 13037
13025 13044
13026 13037
13026 13044
13037 13044
13020 13022
13020 13026
13020 13037
13022 13026
13022 13037
13026 13037
13014 13020
13014 13025
13014 13044
13020 13025
13020 13044
13025 13044
13020 13021
13051 13054
13020 13021
13020 13050
13021 13050
13022 13025
13022 13050
13025 13050
13020 13025
13020 13050
13025 13050
13020 13025
13020 13050
13025 13050
13020 13044
13020 13050
13044 13050
13020 13021
13020 13044
13021 13044
13020 13021
13020 13050
13021 13050
13014 13021
13020 13025
13020 13050
13025 13050
13020 13021
13020 13026
13020 13037
13020 13050
13021 13026
13021 13037
13021 13050
13026 13037
13026 13050
13037 13050
13025 13050
13025 13051
13025 13054
13050 13051
13050 13054
13051 13054
13020 13025
13020 13044
13025 13044
13020 13025
13020 13044
13025 13044
13002 13022
13002 13046
13022 13046
13022 13025
13019 13020
13019 13044
13020 13044
13019 13025
13019 13025
13019 13025
13020 13025
13020 13044
13025 13044
13021 13050
13022 13025
13022 13026
13022 13037
13025 13026
13025 13037
13026 13037
13026 13037
13050 13066
13034 13035
13034 13050
13034 13057
13034 13066
13035 13050
13035 13057
13035 13066
13050 13057
13050 13066
13057 13066
13037 13050
13034 13035
13034 13057
13034 13066
13035 13057
13035 13066
13057 13066
13050 13066
13026 13037
13035 13057
13026 13037
13022 13025
13025 13035
13034 13035
13034 13057
13034 13066
13035 13057
13035 13066
13057 13066
13034 13035
13034 13057
13034 13066
13035 13057
13035 13066
13057 13066
13025 13026
13025 13035
13025 13037
13026 13035
13026 13037
13035 13037
13022 13025
13022 13035
13025 13035
13025 13034
13025 13057
13025 13066
13034 13057
13034 13066
13057 13066
13008 13021
13008 13039
13008 13042
13008 13047
13008 13051
13008 13054
13021 13039
13021 13042
13021 13047
13021 13051
13021 13054
13039 13042
13039 13047
13039 13051
13039 13054
13042 13047
13042 13051
13042 13054
13047 13051
13047 13054
13051 13054
13014 13021
13014 13025
13014 13050
13021 13025
13021 13050
13025 13050
13021 13025
13021 13066
13021 13025
13021 13026
13025 13026
13021 13066
13014 13021
13014 13021
13014 13066
13021 13066
13021 13026
13021 13066
13026 13066
13021 13066
13021 13026
13021 13066
13026 13066
13014 13021
13014 13066
13021 13066
13021 13066
13021 13066
13021 13034
13021 13035
13021 13057
13035 13057
13022 13050
13021 13025
13021 13026
13021 13037
13025 13026
13025 13037
13026 13037
13014 13022
13014 13050
13022 13050
13021 13022
13021 13025
13022 13025
13021 13025
13021 13025
13020 13021
13020 13025
13021 13025
13021 13022
13014 13021
13021 13025
13021 13022
13021 13025
13022 13025
13021 13025
13021 13025
13021 13025
13021 13025
13021 13025
13021 13025
13021 13025
13021 13035
13025 13037
13021 13025
13021 13026
13021 13037
13025 13026
13025 13037
13026 13037
13034 13035
13034 13057
13035 13057
13026 13037
13034 13035
13034 13057
13035 13057
13000 13001
13000 13050
13001 13050
13000 13001
13001 13050
13000 13001
13000 13050
13001 13050
13000 13001
13000 13050
13001 13050
13001 13050
13008 13054
13014 13050
13037 13050
13037 13050
13021 13066
13014 13050
13008 13039
13008 13042
13008 13054
13008 13066
13039 13042
13039 13054
13039 13066
13042 13054
13042 13066
13054 13066
13034 13035
13034 13057
13035 13057
13034 13035
13034 13057
13035 13057
13025 13035
13035 13057
13035 13066
13057 13066
13025 13035
13014 13025
13034 13057
13021 13035
13014 13035
13034 13035
13034 13057
13035 13057
13001 13014
13001 13025
13014 13025
13001 13014
13001 13022
13001 13025
13014 13022
13014 13025
13022 13025
13019 13021
13019 13025
13021 13025
13001 13026
13001 13037
13026 13037
13014 13037
13020 13025
13020 13054
13020 13062
13025 13054
13025 13062
13054 13062
13014 13062
13020 13022
13020 13025
13020 13062
13022 13025
13022 13062
13025 13062
13020 13025
13020 13054
13020 13062
13025 13054
13025 13062
13054 13062
13014 13025
13000 13020
13000 13025
13000 13054
13000 13062
13020 13025
13020 13054
13020 13062
13025 13054
13025 13062
13054 13062
13002 13022
13002 13025
13022 13025
13021 13035
13014 13025
13014 13025
13014 13025
13014 13025
13014 13025
13001 13025
13001 13014
13001 13025
13014 13025
13014 13025
13014 13025
13014 13025
13014 13025
13014 13025
13014 13025
13014 13025
13014 13025
13022 13025
13021 13025
13021 13034
13021 13035
13021 13062
13025 13034
13025 13035
13025 13062
13034 13035
13034 13062
13035 13062
13025 13062
13021 13025
13021 13034
13021 13035
13021 13062
13025 13034
13025 13035
13025 13062
13034 13035
13034 13062
13035 13062
13025 13034
13022 13025
13022 13062
13025 13062
13002 13020
13002 13022
13002 13025
13002 13062
13020 13022
13020 13025
13020 13062
13022 13025
13022 13062
13025 13062
13004 13029
13004 13062
13029 13062
13002 13004
13002 13022
13002 13025
13004 13022
13004 13025
13022 13025
13002 13025
13002 13046
13025 13046
13004 13022
13004 13025
13004 13062
13022 13025
13022 13062
13025 13062
13002 13004
13002 13020
13002 13021
13002 13022
13002 13025
13004 13020
13004 13021
13004 13022
13004 13025
13020 13021
13020 13022
13020 13025
13021 13022
13021 13025
13022 13025
13004 13022
13004 13025
13022 13025
13004 13022
13004 13025
13022 13025
13004 13062
13004 13022
13004 13022
13004 13062
13022 13062
13022 13062
13022 13062
13014 13021
13014 13022
13014 13050
13014 13062
13021 13022
13021 13050
13021 13062
13022 13050
13022 13062
13050 13062
13022 13062
13014 13062
13004 13022
13004 13062
13022 13062
13022 13062
13004 13022
13004 13062
13022 13062
13004 13022
13004 13062
13022 13062
13022 13062
13002 13022
13002 13062
13022 13062
13014 13022
13014 13062
13022 13062
13020 13022
13020 13044
13020 13062
13022 13044
13022 13062
13044 13062
13014 13020
13014 13021
13014 13025
13014 13044
13014 13062
13020 13021
13020 13025
13020 13044
13020 13062
13021 13025
13021 13044
13021 13062
13025 13044
13025 13062
13044 13062
13021 13025
13021 13034
13021 13035
13021 13057
13021 13062
13025 13034
13025 13035
13025 13057
13025 13062
13034 13035
13034 13057
13034 13062
13035 13057
13035 13062
13057 13062
13022 13025
13002 13022
13002 13025
13022 13025
13020 13025
13021 13022
13021 13034
13021 13035
13021 13066
13034 13035
13034 13066
13035 13066
13014 13025
13021 13025
13001 13014
13001 13024
13014 13024
13001 13014
13001 13021
13001 13024
13014 13021
13014 13024
13021 13024
13001 13022
13001 13024
13022 13024
13001 13025
13000 13001
13001 13014
13001 13024
13014 13024
13001 13025
13021 13062
13022 13025
13022 13034
13022 13062
13025 13034
13025 13062
13034 13062
13022 13025
13022 13062
13025 13062
13025 13062
13022 13062
13020 13044
13020 13022
13020 13044
13020 13062
13022 13044
13022 13062
13044 13062
13025 13044
13022 13025
13022 13062
13025 13062
13025 13062
13022 13025
13022 13062
13025 13062
13022 13062
13020 13062
13020 13044
13020 13062
13044 13062
13022 13025
13022 13062
13025 13062
13020 13044
13022 13025
13022 13062
13025 13062
13020 13022
13020 13062
13022 13062
13020 13062
13020 13022
13020 13062
13022 13062
13022 13062
13002 13025
13020 13044
13020 13044
13020 13021
13025 13044
13022 13025
13022 13044
13025 13044
13025 13044
13021 13025
13020 13021
13020 13025
13020 13034
13020 13035
13020 13044
13020 13057
13021 13025
13021 13034
13021 13035
13021 13044
13021 13057
13025 13034
13025 13035
13025 13044
13025 13057
13034 13035
13034 13044
13034 13057
13035 13044
13035 13057
13044 13057
13021 13034
13021 13035
13021 13042
13021 13047
13021 13050
13021 13054
13021 13057
13021 13066
13034 13035
13034 13042
13034 13047
13034 13050
13034 13054
13034 13057
13034 13066
13035 13042
13035 13047
13035 13050
13035 13054
13035 13057
13035 13066
13042 13047
13042 13050
13042 13054
13042 13057
13042 13066
13047 13050
13047 13054
13047 13057
13047 13066
13050 13054
13050 13057
13050 13066
13054 13057
13054 13066
13057 13066
13019 13025
13020 13025
13019 13025
13025 13026
13025 13037
13025 13044
13026 13037
13026 13044
13037 13044
13020 13025
13034 13035
13034 13057
13035 13057
13025 13044
13019 13025
13019 13025
13019 13025
13014 13019
13014 13025
13019 13025
13019 13025
13019 13025
13019 13025
13019 13025
13020 13025
13020 13026
13020 13037
13026 13037
13019 13025
13014 13025
13001 13014
13001 13025
13014 13025
13001 13025
13001 13024
13001 13025
13005 13015
13005 13019
13015 13019
13005 13015
13026 13037
13026 13037
13005 13015
13005 13015
13005 13015
13011 13012
13011 13025
13011 13033
13011 13048
13011 13056
13012 13025
13012 13033
13012 13048
13012 13056
13025 13033
13025 13048
13025 13056
13033 13048
13033 13056
13048 13056
13005 13015
13019 13065
13015 13065
13015 13025
13014 13025
13015 13065
13049 13065
13025 13026
13025 13037
13026 13037
13005 13015
13005 13025
13005 13026
13005 13037
13015 13025
13015 13026
13015 13037
13025 13026
13025 13037
13026 13037
13025 13026
13025 13037
13026 13037
13025 13026
13025 13037
13025 13049
13025 13065
13026 13037
13026 13049
13026 13065
13037 13049
13037 13065
13049 13065
13025 13037
13025 13037
13005 13015
13026 13037
13000 13001
13001 13025
13014 13015
13014 13015
13014 13037
13015 13037
13026 13037
13014 13026
13014 13037
13026 13037
13014 13015
13001 13015
13001 13015
13001 13015
13001 13059
13001 13025
13001 13012
13001 13033
13001 13048
13001 13056
13012 13033
13012 13048
13012 13056
13033 13048
13033 13056
13048 13056
13001 13012
13001 13056
13012 13056
13000 13001
13000 13002
13000 13025
13001 13002
13001 13025
13002 13025
13001 13014
13014 13024
13024 13025
13015 13059
13001 13059
13001 13059
13014 13015
13005 13015
13014 13025
13014 13025
13014 13061
13014 13061
13025 13061
13011 13025
13014 13025
13014 13061
13015 13025
13014 13025
13014 13015
13014 13025
13015 13025
13014 13025
13014 13025
13014 13025
13025 13048
13025 13056
13048 13056
13025 13048
13005 13015
13020 13044
13005 13025
13005 13025
13005 13025
13001 13002
13001 13020
13001 13062
13002 13020
13002 13062
13020 13062
13005 13015
13005 13025
13015 13025
13005 13015
13005 13025
13015 13025
13005 13015
13005 13025
13015 13025
13005 13015
13005 13025
13015 13025
13015 13025
13005 13015
13005 13025
13015 13025
13005 13015
13005 13015
13015 13025
13015 13025
13005 13015
13005 13015
13005 13015
13005 13015
13015 13025
13005 13015
13005 13025
13015 13025
13005 13015
13005 13025
13015 13025
13005 13015
13015 13025
13005 13015
13005 13025
13015 13025
13005 13015
13005 13025
13005 13026
13005 13037
13015 13025
13015 13026
13015 13037
13025 13026
13025 13037
13026 13037
13025 13026
13025 13037
13026 13037
13011 13014
13011 13025
13011 13048
13011 13056
13014 13025
13014 13048
13014 13056
13025 13048
13025 13056
13048 13056
13001 13025
13025 13056
13014 13025
13014 13056
13025 13056
13001 13025
13001 13014
13001 13014
13001 13025
13014 13025
13001 13024
13014 13025
13001 13014
13001 13025
13014 13025
13001 13014
13014 13025
13001 13024
13001 13024
13001 13058
13001 13059
13024 13058
13024 13059
13058 13059
13001 13014
13001 13015
13001 13020
13001 13021
13001 13025
13001 13034
13001 13035
13001 13057
13001 13058
13014 13015
13014 13020
13014 13021
13014 13025
13014 13034
13014 13035
13014 13057
13014 13058
13015 13020
13015 13021
13015 13025
13015 13034
13015 13035
13015 13057
13015 13058
13020 13021
13020 13025
13020 13034
13020 13035
13020 13057
13020 13058
13021 13025
13021 13034
13021 13035
13021 13057
13021 13058
13025 13034
13025 13035
13025 13057
13025 13058
13034 13035
13034 13057
13034 13058
13035 13057
13035 13058
13057 13058
13012 13025
13012 13033
13012 13048
13012 13056
13025 13033
13025 13048
13025 13056
13033 13048
13033 13056
13048 13056
13014 13021
13014 13021
13014 13025
13001 13014
13001 13058
13001 13059
13014 13058
13014 13059
13058 13059
13020 13044
13020 13059
13044 13059
13014 13020
13014 13044
13020 13044
13020 13059
13001 13014
13001 13058
13014 13058
13001 13011
13001 13014
13001 13020
13001 13044
13001 13058
13001 13059
13011 13014
13011 13020
13011 13044
13011 13058
13011 13059
13014 13020
13014 13044
13014 13058
13014 13059
13020 13044
13020 13058
13020 13059
13044 13058
13044 13059
13058 13059
13014 13020
13014 13020
13020 13044
13001 13025
13001 13058
13025 13058
13025 13044
13025 13059
13044 13059
13020 13025
13020 13044
13014 13058
13001 13020
13001 13025
13001 13059
13020 13025
13020 13059
13025 13059
13025 13044
13020 13044
13020 13044
13020 13025
13020 13059
13025 13059
13020 13059
13020 13044
13020 13044
13020 13059
13044 13059
13044 13059
13001 13020
13044 13059
13001 13020
13001 13058
13001 13059
13058 13059
13020 13044
13001 13020
13025 13059
13020 13044
13020 13059
13044 13059
13020 13022
13020 13025
13020 13059
13022 13025
13022 13059
13025 13059
