9000 9001
9000 9002
9000 9003
9001 9002
9001 9003
9002 9003
9000 9002
9000 9004
9002 9004
9000 9002
9000 9002
9000 9004
9002 9004
9000 9002
9000 9004
9002 9004
9001 9002
9001 9003
9002 9003
9002 9004
9001 9002
9001 9003
9001 9004
9002 9003
9002 9004
9003 9004
9001 9002
9001 9003
9001 9004
9002 9003
9002 9004
9003 9004
9000 9001
9000 9004
9001 9004
9000 9001
9000 9003
9000 9004
9001 9003
9001 9004
9003 9004
9001 9003
9001 9003
9001 9003
9001 9003
9001 9003
9000 9006
9001 9006
9000 9005
9005 9006
9000 9005
9005 9006
9005 9006
9005 9006
9001 9003
9001 9005
9003 9005
9005 9009
9005 9008
9005 9008
9005 9008
9005 9008
9005 9008
9005 9008
9005 9008
9005 9008
9005 9008
9005 9008
9005 9008
9005 9008
9005 9008
9005 9008
9005 9009
9008 9009
9005 9008
9005 9009
9008 9009
9005 9009
9005 9008
9005 9008
9005 9008
9005 9008
9005 9009
9008 9009
9005 9008
9005 9009
9008 9009
9005 9008
9005 9009
9008 9009
9008 9009
9001 9003
9005 9008
9005 9009
9008 9009
9008 9009
9009 9010
9009 9010
9008 9009
9008 9010
9009 9010
9008 9010
9008 9011
9010 9011
9009 9010
9009 9011
9010 9011
9008 9009
9008 9010
9008 9011
9009 9010
9009 9011
9010 9011
9008 9009
9008 9010
9008 9011
9009 9010
9009 9011
9010 9011
9010 9011
9009 9011
9005 9008
9005 9009
9005 9010
9005 9011
9008 9009
9008 9010
9008 9011
9009 9010
9009 9011
9010 9011
9005 9008
9005 9008
9008 9011
9005 9008
9005 9011
9008 9011
9005 9008
9005 9011
9008 9011
9008 9010
9008 9011
9008 9012
9010 9011
9010 9012
9011 9012
9008 9012
9008 9009
9008 9010
9008 9011
9008 9012
9009 9010
9009 9011
9009 9012
9010 9011
9010 9012
9011 9012
9008 9012
9008 9012
9005 9008
9005 9011
9005 9012
9008 9011
9008 9012
9011 9012
9005 9008
9005 9012
9008 9012
9008 9011
9005 9008
9005 9008
9000 9001
9000 9003
9001 9003
9000 9005
9005 9008
9005 9009
9008 9009
9005 9008
9005 9011
9008 9011
9005 9008
9005 9008
9005 9011
9008 9011
9008 9011
9005 9008
9005 9008
9005 9011
9008 9011
9005 9008
9005 9011
9008 9011
9008 9011
9005 9008
9005 9011
9008 9011
9008 9011
9005 9008
9005 9011
9008 9011
9005 9008
9005 9011
9008 9011
9008 9011
9005 9011
9005 9008
9005 9011
9008 9011
9008 9011
9005 9008
9005 9008
9005 9011
9008 9011
9005 9008
9005 9008
9008 9011
9003 9008
9003 9008
9003 9005
9003 9008
9005 9008
9003 9008
9003 9011
9008 9011
9003 9005
9003 9008
9005 9008
9003 9005
9003 9005
9003 9005
9003 9008
9003 9011
9005 9008
9005 9011
9008 9011
9005 9008
9003 9008
9003 9008
9003 9005
9003 9008
9003 9011
9005 9008
9005 9011
9008 9011
9003 9008
9003 9009
9003 9011
9008 9009
9008 9011
9009 9011
9005 9008
9005 9011
9008 9011
9003 9011
9003 9005
9003 9008
9003 9011
9005 9008
9005 9011
9008 9011
9003 9005
9003 9008
9003 9011
9005 9008
9005 9011
9008 9011
9003 9008
9003 9011
9008 9011
9008 9011
9003 9008
9003 9011
9008 9011
9005 9008
9003 9008
9003 9011
9008 9011
9003 9008
9003 9011
9008 9011
9009 9010
9009 9010
9003 9008
9003 9005
9009 9010
9009 9010
9003 9008
9003 9009
9003 9010
9003 9011
9008 9009
9008 9010
9008 9011
9009 9010
9009 9011
9010 9011
9008 9009
9008 9010
9009 9010
9003 9008
9003 9011
9008 9011
9003 9008
9003 9009
9003 9010
9008 9009
9008 9010
9009 9010
9003 9009
9003 9010
9003 9010
9003 9011
9010 9011
9003 9011
9008 9011
9003 9011
9003 9008
9003 9011
9008 9011
9000 9003
9005 9008
9003 9009
9003 9010
9009 9010
9003 9008
9003 9009
9008 9009
9003 9005
9003 9009
9005 9009
9005 9009
9003 9005
9003 9008
9003 9009
9005 9008
9005 9009
9008 9009
9003 9005
9003 9009
9005 9009
9005 9011
9003 9005
9003 9011
9005 9011
9003 9005
9003 9005
9003 9005
9003 9005
9003 9009
9005 9009
9003 9005
9008 9009
9008 9011
9009 9011
9005 9008
9005 9011
9008 9011
9008 9011
9005 9008
9005 9011
9008 9011
9005 9008
9005 9011
9008 9011
9005 9009
9003 9005
9003 9008
9003 9009
9003 9010
9003 9011
9005 9008
9005 9009
9005 9010
9005 9011
9008 9009
9008 9010
9008 9011
9009 9010
9009 9011
9010 9011
9008 9011
9005 9009
9009 9010
9003 9008
9003 9009
9003 9010
9003 9011
9003 9012
9008 9009
9008 9010
9008 9011
9008 9012
9009 9010
9009 9011
9009 9012
9010 9011
9010 9012
9011 9012
9005 9008
9005 9009
9005 9010
9008 9009
9008 9010
9009 9010
9008 9009
9008 9010
9008 9011
9009 9010
9009 9011
9010 9011
9003 9009
9003 9010
9009 9010
9005 9008
9005 9008
9005 9008
9005 9008
9005 9011
9008 9011
9005 9008
9005 9011
9008 9011
9005 9008
9009 9010
9005 9009
9005 9012
9009 9012
9009 9010
9008 9011
9009 9010
9005 9008
9005 9009
9005 9010
9005 9011
9005 9012
9008 9009
9008 9010
9008 9011
9008 9012
9009 9010
9009 9011
9009 9012
9010 9011
9010 9012
9011 9012
9008 9012
9008 9010
9008 9011
9010 9011
9008 9011
9005 9009
9005 9010
9005 9011
9009 9010
9009 9011
9010 9011
9003 9005
9003 9012
9005 9012
9005 9008
9005 9009
9005 9011
9008 9009
9008 9011
9009 9011
9008 9011
9009 9010
9005 9009
9005 9010
9009 9010
9005 9008
9005 9009
9005 9010
9005 9011
9008 9009
9008 9010
9008 9011
9009 9010
9009 9011
9010 9011
9009 9010
9009 9011
9010 9011
9005 9009
9009 9011
9005 9009
9008 9009
9008 9010
9008 9011
9008 9012
9009 9010
9009 9011
9009 9012
9010 9011
9010 9012
9011 9012
9009 9010
9009 9012
9010 9012
9009 9010
9009 9010
9009 9011
9010 9011
9009 9011
9009 9010
9008 9010
9008 9011
9010 9011
9008 9011
9005 9008
9005 9009
9005 9010
9005 9012
9008 9009
9008 9010
9008 9012
9009 9010
9009 9012
9010 9012
9005 9008
9005 9011
9008 9011
9008 9009
9008 9010
9008 9011
9009 9010
9009 9011
9010 9011
9005 9008
9005 9008
9005 9011
9008 9011
9008 9009
9005 9011
9005 9008
9005 9009
9005 9010
9005 9011
9008 9009
9008 9010
9008 9011
9009 9010
9009 9011
9010 9011
9005 9008
9005 9011
9008 9011
9005 9008
9005 9011
9008 9011
9005 9008
9005 9009
9005 9010
9005 9011
9008 9009
9008 9010
9008 9011
9009 9010
9009 9011
9010 9011
9008 9011
9008 9011
9005 9008
9005 9011
9008 9011
9009 9010
9009 9011
9010 9011
9009 9010
9009 9011
9010 9011
9010 9011
9008 9009
9008 9010
9008 9011
9008 9012
9009 9010
9009 9011
9009 9012
9010 9011
9010 9012
9011 9012
9009 9010
9005 9009
9005 9008
9005 9011
9008 9011
9005 9011
9005 9010
9010 9011
9008 9009
9008 9010
9009 9010
9005 9009
9005 9010
9009 9010
9005 9008
9005 9009
9008 9009
9005 9009
9008 9009
9005 9008
9005 9009
9005 9011
9009 9011
9005 9007
9008 9009
9008 9011
9009 9011
9005 9007
9005 9007
9005 9007
9005 9011
9007 9011
9010 9011
9007 9010
9003 9005
9003 9007
9005 9007
9005 9007
9005 9007
9005 9009
9005 9008
9005 9011
9008 9011
9005 9009
9005 9008
9005 9009
9005 9010
9005 9011
9008 9009
9008 9010
9008 9011
9009 9010
9009 9011
9010 9011
9005 9008
9008 9011
9008 9011
9008 9011
9005 9008
9005 9011
9008 9011
9001 9003
9001 9007
9003 9007
9003 9005
9003 9007
9003 9010
9005 9007
9005 9010
9007 9010
9001 9003
9005 9010
9005 9011
9005 9008
9005 9009
9005 9011
9008 9009
9008 9011
9009 9011
