14038 14039
14038 14039
14038 14040
14039 14040
14038 14040
14038 14040
14038 14040
14038 14040
14038 14040
14038 14040
14038 14040
14038 14040
14035 14038
14035 14040
14038 14040
14035 14040
14038 14040
14038 14040
14035 14038
14038 14040
14040 14041
14038 14040
14038 14041
14040 14041
14038 14041
14038 14041
14038 14040
14038 14041
14040 14041
14038 14041
14038 14040
14038 14041
14040 14041
14038 14040
14038 14041
14040 14041
14038 14041
14038 14041
14038 14041
14040 14041
14038 14041
14038 14041
14038 14041
14038 14040
14038 14041
14040 14041
14038 14041
14038 14041
14038 14041
14040 14041
14040 14041
14038 14041
14038 14040
14038 14041
14038 14041
14038 14041
14038 14041
14012 14038
14038 14041
14012 14038
14012 14038
14012 14038
14012 14041
14038 14041
14012 14038
14012 14038
14012 14038
14012 14041
14038 14041
14038 14040
14038 14041
14040 14041
14012 14038
14012 14038
14012 14041
14038 14041
14038 14041
14012 14038
14012 14041
14038 14041
14038 14041
14012 14038
14012 14038
14012 14038
14012 14038
14034 14038
14034 14041
14038 14041
14012 14034
14012 14070
14041 14058
14012 14013
14024 14087
14024 14034
14024 14087
14034 14087
14012 14024
14012 14087
14024 14087
14012 14013
14012 14013
14012 14026
14012 14034
14012 14082
14013 14026
14013 14034
14013 14082
14026 14034
14026 14082
14034 14082
14012 14013
14012 14058
14013 14058
14013 14058
14034 14072
14034 14082
14072 14082
14034 14072
14034 14082
14072 14082
14034 14082
14034 14072
14034 14082
14072 14082
14034 14055
14012 14013
14012 14034
14012 14082
14013 14034
14013 14082
14034 14082
14012 14034
14012 14055
14012 14063
14012 14072
14012 14082
14034 14055
14034 14063
14034 14072
14034 14082
14055 14063
14055 14072
14055 14082
14063 14072
14063 14082
14072 14082
14055 14080
14055 14082
14080 14082
14034 14082
14055 14082
14055 14080
14055 14082
14080 14082
14055 14080
14055 14082
14080 14082
14012 14038
14012 14041
14038 14041
14038 14041
14038 14080
14041 14080
14038 14039
14038 14041
14039 14041
14012 14013
14012 14026
14012 14080
14012 14082
14013 14026
14013 14080
14013 14082
14026 14080
14026 14082
14080 14082
14012 14034
14012 14055
14012 14072
14012 14080
14034 14055
14034 14072
14034 14080
14055 14072
14055 14080
14072 14080
14080 14082
14012 14055
14012 14080
14012 14082
14055 14080
14055 14082
14080 14082
14080 14082
14034 14063
14034 14072
14034 14080
14034 14082
14063 14072
14063 14080
14063 14082
14072 14080
14072 14082
14080 14082
14080 14082
14080 14082
14080 14082
14080 14082
14080 14082
14080 14082
14012 14034
14012 14055
14012 14063
14012 14072
14012 14080
14012 14082
14034 14055
14034 14063
14034 14072
14034 14080
14034 14082
14055 14063
14055 14072
14055 14080
14055 14082
14063 14072
14063 14080
14063 14082
14072 14080
14072 14082
14080 14082
14072 14082
14055 14063
14012 14082
14080 14082
14012 14034
14012 14072
14012 14080
14012 14082
14034 14072
14034 14080
14034 14082
14072 14080
14072 14082
14080 14082
14080 14082
14012 14058
14012 14082
14058 14082
14012 14063
14012 14055
14012 14082
14055 14082
14012 14063
14012 14082
14063 14082
14012 14034
14012 14072
14034 14072
14012 14055
14072 14082
14072 14080
14072 14082
14080 14082
14080 14082
14080 14082
14080 14082
14080 14082
14055 14080
14055 14082
14082 14086
14080 14082
14080 14082
14080 14082
14080 14082
14080 14082
14080 14082
14080 14082
14080 14082
14080 14082
14080 14082
14073 14080
14073 14080
14073 14080
14073 14082
14080 14082
14073 14080
14073 14082
14080 14082
14073 14082
14073 14082
14073 14080
14073 14080
14073 14082
14080 14082
14025 14080
14025 14073
14025 14082
14073 14082
14025 14073
14025 14034
14025 14055
14025 14080
14034 14055
14034 14080
14055 14080
14025 14080
14072 14080
14025 14075
14025 14080
14075 14080
14025 14075
14025 14075
14075 14080
14025 14073
14025 14080
14073 14080
14025 14073
14025 14080
14073 14080
14025 14080
14025 14080
14025 14073
14025 14080
14073 14080
14073 14080
14073 14080
14073 14080
14025 14073
14025 14080
14073 14080
14073 14080
14080 14082
14080 14082
14073 14080
14025 14080
14025 14080
14025 14082
14025 14107
14080 14082
14080 14107
14082 14107
14073 14080
14073 14107
14080 14107
14080 14107
14080 14107
14072 14080
14072 14107
14080 14107
14080 14107
14080 14107
14073 14080
14073 14107
14080 14107
14080 14107
14080 14107
14080 14107
14080 14107
14080 14107
14080 14107
14080 14107
14080 14107
14009 14107
14073 14080
14073 14107
14080 14107
14080 14107
14080 14107
14080 14107
14080 14107
14073 14080
14080 14107
14073 14080
14080 14107
14073 14080
14073 14080
14081 14107
14073 14107
14073 14080
14073 14107
14080 14107
14081 14107
14073 14107
14080 14107
14073 14080
14080 14107
14080 14107
14080 14107
14080 14107
14073 14080
14073 14107
14080 14107
14073 14080
14042 14080
14042 14080
14042 14080
14073 14080
14073 14080
14042 14080
14073 14080
14058 14080
14080 14107
14051 14080
14051 14082
14051 14107
14080 14082
14080 14107
14082 14107
14033 14051
14033 14058
14051 14058
14033 14051
14033 14080
14051 14080
14051 14080
14014 14080
14014 14080
14014 14080
14014 14101
14080 14101
14014 14080
14014 14101
14080 14101
14080 14101
14014 14080
14014 14101
14080 14101
14014 14080
14014 14080
14043 14101
14042 14080
14043 14080
14043 14101
14080 14101
14080 14101
14014 14043
14014 14080
14014 14101
14043 14080
14043 14101
14080 14101
14014 14080
14043 14101
14043 14101
14043 14080
14043 14101
14080 14101
14043 14080
14043 14101
14080 14101
14043 14080
14043 14101
14080 14101
14043 14080
14043 14101
14080 14101
14043 14080
14043 14101
14080 14101
14043 14101
14043 14080
14043 14101
14080 14101
14014 14080
14080 14101
14080 14101
14014 14080
14014 14101
14080 14101
14055 14080
14055 14107
14080 14107
14080 14101
14080 14101
14080 14101
14043 14101
14080 14101
14043 14080
14080 14101
14080 14101
14080 14101
14067 14101
14067 14080
14067 14101
14080 14101
14067 14080
14043 14067
14080 14101
14080 14101
14067 14080
14067 14101
14080 14101
14067 14101
14067 14080
14067 14101
14080 14101
14067 14080
14014 14080
14014 14101
14080 14101
14067 14080
14067 14101
14080 14101
14014 14080
14080 14101
14067 14080
14067 14101
14080 14101
14080 14101
14080 14101
14080 14101
14080 14089
14080 14101
14089 14101
14080 14089
14080 14101
14089 14101
14080 14101
14080 14089
14080 14101
14089 14101
14080 14089
14080 14101
14089 14101
14080 14089
14080 14101
14089 14101
14080 14089
14080 14101
14089 14101
14080 14089
14080 14101
14089 14101
14089 14101
14080 14089
14080 14101
14089 14101
14080 14089
14080 14101
14089 14101
14080 14101
14089 14101
14080 14101
14080 14101
14001 14080
14080 14101
14080 14101
14001 14080
14001 14101
14080 14101
14080 14101
14080 14101
14080 14101
14080 14101
14080 14101
14080 14101
14080 14101
14080 14101
14080 14089
14080 14089
14080 14101
14089 14101
14080 14101
14080 14089
14089 14101
14089 14101
14080 14101
14080 14101
14080 14101
14080 14101
14080 14101
14080 14101
14080 14101
14080 14101
14080 14101
14080 14101
14080 14101
14080 14101
14001 14080
14001 14101
14080 14101
14080 14089
14080 14101
14089 14101
14080 14089
14080 14101
14089 14101
14080 14089
14080 14101
14089 14101
14080 14089
14080 14101
14089 14101
14025 14080
14025 14101
14080 14101
14058 14089
14036 14080
14036 14101
14080 14101
14036 14080
14036 14101
14080 14101
14036 14080
14036 14080
14036 14082
14036 14101
14080 14082
14080 14101
14082 14101
14025 14036
14025 14082
14025 14101
14036 14082
14036 14101
14082 14101
14080 14089
14080 14096
14080 14097
14080 14101
14089 14096
14089 14097
14089 14101
14096 14097
14096 14101
14097 14101
14080 14101
14080 14101
14036 14080
14036 14096
14080 14096
14080 14101
14036 14080
14036 14101
14080 14101
14080 14101
14036 14080
14036 14101
14080 14101
14036 14080
14036 14080
14080 14089
14080 14096
14080 14101
14089 14096
14089 14101
14096 14101
14036 14080
14036 14089
14036 14101
14080 14089
14080 14101
14089 14101
14036 14080
14036 14080
14096 14097
14095 14098
14095 14099
14098 14099
14080 14089
14080 14095
14089 14095
14080 14098
14080 14090
14080 14099
14090 14099
14080 14090
14080 14097
14090 14097
14080 14090
14099 14101
14080 14099
14080 14101
14080 14099
14089 14101
14001 14101
14096 14101
14036 14096
14036 14099
14036 14101
14096 14099
14096 14101
14099 14101
14096 14101
14067 14096
14080 14096
14080 14101
14080 14095
14080 14095
14080 14095
14080 14098
14036 14080
14036 14098
14036 14099
14080 14098
14080 14099
14098 14099
14036 14080
14036 14098
14036 14099
14080 14098
14080 14099
14098 14099
14036 14080
14098 14099
14080 14098
14036 14080
14036 14098
14080 14098
14080 14098
14081 14099
14080 14096
14080 14098
14080 14101
14096 14099
14096 14101
14099 14101
14080 14101
14096 14099
14096 14101
14099 14101
14036 14080
14036 14101
14080 14101
14036 14080
14036 14097
14080 14097
14042 14080
14042 14099
14042 14080
14036 14080
14036 14097
14080 14097
14036 14080
14036 14080
14036 14097
14080 14097
14080 14097
14036 14080
14080 14097
14096 14098
14096 14099
14098 14099
14036 14080
14036 14084
14080 14084
14080 14083
14036 14080
14080 14101
14080 14101
14080 14101
14025 14033
14025 14036
14025 14051
14025 14080
14025 14101
14033 14036
14033 14051
14033 14080
14033 14101
14036 14051
14036 14080
14036 14101
14051 14080
14051 14101
14080 14101
14080 14101
14080 14102
14080 14102
14080 14090
14080 14099
14080 14102
14090 14099
14090 14102
14099 14102
14080 14090
14090 14101
14080 14090
14080 14102
14090 14102
14090 14102
14080 14090
14080 14102
14090 14102
14090 14101
14080 14090
14080 14090
14080 14101
14090 14101
14090 14102
14090 14102
14080 14102
14080 14095
14080 14102
14080 14102
14073 14102
14090 14102
14080 14102
14080 14102
14080 14102
14095 14098
14080 14102
14096 14102
14080 14102
14080 14102
14080 14102
14098 14102
14095 14099
14096 14098
14096 14099
14098 14099
14080 14102
14080 14089
14080 14090
14080 14098
14089 14090
14089 14098
14090 14098
14009 14080
14009 14102
14080 14102
14097 14098
14080 14098
14080 14098
14080 14098
14080 14095
14027 14067
14027 14098
14067 14098
14043 14067
14027 14043
14027 14067
14027 14080
14043 14067
14043 14080
14067 14080
14067 14096
14027 14067
14027 14080
14067 14080
14027 14080
14027 14102
14080 14102
14027 14036
14027 14080
14027 14102
14036 14080
14036 14102
14080 14102
14036 14090
14036 14080
14036 14082
14036 14083
14036 14084
14080 14082
14080 14083
14080 14084
14082 14083
14082 14084
14083 14084
14080 14083
14036 14080
14080 14083
14080 14084
14083 14084
14027 14084
14027 14067
14027 14084
14067 14084
14027 14084
14084 14090
14084 14090
14027 14084
14027 14067
14027 14084
14067 14084
14027 14080
14027 14084
14036 14083
14036 14084
14083 14084
14027 14083
14027 14080
14027 14083
14027 14084
14080 14083
14080 14084
14083 14084
14027 14080
14027 14084
14080 14084
14080 14083
14080 14084
14083 14084
14027 14080
14027 14080
14036 14080
14036 14083
14036 14084
14080 14083
14080 14084
14083 14084
14027 14080
14027 14080
14027 14080
14027 14080
14027 14080
14027 14083
14080 14083
14027 14067
14027 14036
14027 14083
14027 14084
14036 14083
14036 14084
14083 14084
14027 14080
14027 14080
14027 14083
14027 14084
14080 14083
14080 14084
14083 14084
14067 14080
14067 14084
14080 14084
14067 14083
14067 14083
14067 14080
14067 14083
14067 14095
14067 14096
14067 14097
14067 14098
14067 14099
14080 14083
14080 14095
14080 14096
14080 14097
14080 14098
14080 14099
14083 14095
14083 14096
14083 14097
14083 14098
14083 14099
14095 14096
14095 14097
14095 14098
14095 14099
14096 14097
14096 14098
14096 14099
14097 14098
14097 14099
14098 14099
14067 14083
14027 14067
14027 14080
14027 14083
14027 14096
14027 14099
14027 14107
14067 14080
14067 14083
14067 14096
14067 14099
14067 14107
14080 14083
14080 14096
14080 14099
14080 14107
14083 14096
14083 14099
14083 14107
14096 14099
14096 14107
14099 14107
14067 14083
14089 14090
14089 14098
14090 14098
14027 14080
14027 14084
14080 14084
14036 14080
14083 14095
14083 14096
14083 14097
14083 14098
14095 14096
14095 14097
14095 14098
14096 14097
14096 14098
14097 14098
14098 14107
14067 14083
14067 14098
14083 14098
14027 14067
14027 14083
14067 14083
14083 14098
14083 14099
14080 14083
14080 14102
14083 14102
14080 14083
14080 14098
14083 14098
14027 14083
14083 14084
14083 14096
14084 14096
14080 14084
14080 14084
14080 14084
14095 14096
14095 14097
14095 14099
14096 14097
14096 14099
14097 14099
14080 14098
14083 14084
14010 14021
14010 14080
14010 14083
14010 14107
14021 14080
14021 14083
14021 14107
14080 14083
14080 14107
14083 14107
14080 14090
14080 14098
14080 14099
14090 14098
14090 14099
14098 14099
14089 14090
14080 14097
14080 14099
14097 14099
14083 14084
14083 14102
14084 14102
14080 14090
14080 14095
14080 14098
14090 14095
14090 14098
14095 14098
14080 14089
14080 14095
14080 14095
14080 14096
14095 14096
14096 14098
14080 14097
14083 14084
14080 14081
14080 14097
14080 14099
14080 14107
14081 14097
14081 14099
14081 14107
14097 14099
14097 14107
14099 14107
14080 14096
14080 14098
14080 14099
14096 14098
14096 14099
14098 14099
14080 14102
14080 14095
14080 14096
14095 14096
14080 14095
14080 14098
14095 14098
14080 14083
14080 14107
14083 14107
14080 14083
14080 14098
14083 14098
14083 14098
14080 14084
14080 14098
14080 14099
14098 14099
14080 14098
14080 14083
14080 14089
14080 14083
14080 14084
14083 14084
14080 14083
14080 14098
14083 14098
14080 14083
14080 14084
14083 14084
14083 14098
14083 14098
14083 14098
14083 14098
14080 14102
14010 14083
14083 14084
14080 14084
14080 14082
14080 14083
14080 14084
14082 14083
14082 14084
14083 14084
14080 14083
14080 14098
14083 14098
14083 14098
14083 14098
14051 14080
14051 14083
14080 14083
14080 14095
14080 14102
14095 14102
14080 14095
14080 14083
14080 14102
14083 14102
14080 14102
14080 14102
14080 14102
14080 14102
14080 14102
14036 14080
14036 14083
14036 14084
14080 14083
14080 14084
14083 14084
14080 14102
14083 14084
14083 14084
14080 14083
14080 14083
14081 14083
14080 14083
14080 14084
14083 14084
14080 14083
14089 14102
14080 14083
14080 14083
14080 14084
14083 14084
14080 14083
14080 14084
14083 14084
14027 14080
14036 14080
14042 14080
14042 14080
14005 14080
14005 14080
14005 14080
14005 14080
14005 14028
14005 14028
14005 14028
14005 14080
14005 14080
14005 14028
14005 14028
14005 14080
14028 14080
14005 14028
14005 14028
14005 14080
14028 14080
14019 14020
14019 14061
14019 14105
14020 14061
14020 14105
14061 14105
14044 14080
14044 14080
14044 14088
14080 14088
14044 14091
14005 14080
14044 14080
14002 14029
14002 14044
14002 14061
14002 14080
14002 14088
14029 14044
14029 14061
14029 14080
14029 14088
14044 14061
14044 14080
14044 14088
14061 14080
14061 14088
14080 14088
14044 14088
14044 14091
14088 14091
14064 14088
14064 14091
14088 14091
14064 14088
14064 14091
14088 14091
14064 14088
14064 14080
14002 14061
14002 14091
14061 14091
14002 14044
14002 14080
14064 14080
14064 14091
14080 14091
14080 14091
14002 14080
14002 14080
14002 14091
14080 14091
14080 14091
14080 14091
14002 14080
14002 14091
14080 14091
14044 14080
14044 14091
14080 14091
14080 14091
14044 14091
14020 14044
14020 14091
14044 14091
14080 14091
14080 14091
14080 14091
14080 14091
14080 14091
14031 14091
14044 14080
14044 14091
14080 14091
14080 14100
14080 14100
14080 14100
14002 14029
14002 14044
14002 14061
14002 14088
14002 14091
14029 14044
14029 14061
14029 14088
14029 14091
14044 14061
14044 14088
14044 14091
14061 14088
14061 14091
14088 14091
14044 14091
14044 14088
14044 14091
14088 14091
14080 14091
14044 14091
14044 14091
14044 14068
14044 14091
14068 14091
14044 14061
14044 14088
14061 14088
14045 14088
14080 14088
14080 14091
14088 14091
14091 14100
14029 14080
14029 14088
14080 14088
14044 14080
14061 14080
14061 14088
14080 14088
14044 14080
14044 14080
14044 14080
14044 14091
14080 14091
14044 14080
14044 14080
14044 14080
14044 14068
14044 14080
14068 14080
14044 14068
14044 14080
14068 14080
14044 14068
14044 14068
14044 14080
14044 14091
14044 14100
14091 14100
14080 14091
14061 14080
14061 14100
14088 14100
14044 14068
14044 14080
14068 14080
14044 14068
14061 14088
14044 14068
14044 14080
14068 14080
14044 14080
14044 14068
14044 14080
14068 14080
14027 14044
14027 14068
14027 14080
14027 14083
14044 14068
14044 14080
14044 14083
14068 14080
14068 14083
14080 14083
14044 14068
14080 14107
14044 14091
14044 14100
14091 14100
14044 14091
14068 14080
14044 14068
14044 14080
14068 14080
14044 14091
14080 14088
14080 14100
14088 14100
14080 14088
14029 14080
14029 14083
14010 14080
14010 14083
14010 14088
14080 14083
14080 14088
14083 14088
14080 14088
14080 14091
14088 14091
14080 14088
14080 14088
14029 14088
14029 14080
14029 14080
14029 14080
14029 14088
14080 14088
14029 14080
14029 14080
14029 14080
14029 14080
14029 14080
14029 14080
14029 14080
14010 14029
14010 14080
14029 14080
14080 14088
14029 14080
14029 14088
14080 14088
14080 14091
14080 14091
14080 14100
14091 14100
14080 14088
14080 14088
14080 14088
14080 14088
14080 14088
14080 14088
14080 14088
14080 14088
14080 14088
14080 14088
14080 14088
14029 14088
14080 14088
14002 14061
14002 14080
14061 14080
14010 14080
14010 14088
14080 14088
14080 14088
14080 14088
14088 14091
14044 14088
14044 14080
14064 14080
14064 14080
14080 14088
14011 14029
14011 14080
14011 14088
14029 14080
14029 14088
14080 14088
14010 14011
14010 14080
14011 14080
14010 14011
14010 14080
14011 14080
14002 14044
14002 14068
14002 14080
14002 14091
14044 14068
14044 14080
14044 14091
14068 14080
14068 14091
14080 14091
14010 14011
14010 14011
14010 14088
14011 14088
14010 14011
14010 14080
14011 14080
14011 14080
14011 14080
14011 14100
14080 14100
14010 14011
14010 14091
14011 14091
14011 14080
14010 14031
14010 14080
14031 14080
14010 14011
14010 14029
14010 14080
14010 14088
14011 14029
14011 14080
14011 14088
14029 14080
14029 14088
14080 14088
14011 14080
14011 14105
14080 14105
14019 14020
14019 14080
14020 14080
14080 14082
14080 14082
14009 14080
14009 14082
14080 14082
14044 14080
14044 14080
14044 14080
14044 14088
14080 14088
14031 14044
14031 14061
14031 14105
14044 14061
14044 14105
14061 14105
14061 14105
14061 14091
14044 14061
14044 14080
14044 14091
14061 14080
14061 14091
14080 14091
14082 14091
14082 14100
14091 14100
14031 14076
14031 14086
14076 14086
14076 14080
14076 14080
14076 14080
14076 14080
14076 14080
14076 14080
14080 14107
14076 14080
14076 14080
14076 14080
14080 14100
14055 14070
14055 14080
14070 14080
14080 14100
14076 14080
14076 14086
14080 14086
14076 14080
14076 14080
14076 14080
14080 14100
14076 14080
14076 14100
14080 14100
14076 14080
14076 14080
14076 14080
14076 14080
14076 14080
14011 14076
14076 14080
14011 14076
14011 14080
14076 14080
14011 14076
14011 14080
14076 14080
14031 14076
14031 14080
14031 14086
14076 14080
14076 14086
14080 14086
14076 14080
14011 14076
14011 14080
14076 14080
14076 14080
14076 14080
14076 14100
14080 14100
14036 14080
14036 14082
14036 14084
14080 14082
14080 14084
14082 14084
14080 14100
14080 14091
14080 14100
14091 14100
14073 14080
14073 14082
14080 14082
14029 14080
14029 14088
14080 14088
14010 14011
14010 14080
14011 14080
14011 14080
14011 14080
14011 14080
14080 14088
14011 14080
14011 14080
14010 14080
14010 14011
14010 14080
14011 14080
14029 14080
14029 14088
14080 14088
14010 14011
14010 14080
14011 14080
14010 14080
14011 14080
14010 14080
14010 14080
14010 14080
14010 14107
14080 14107
14073 14080
14073 14082
14073 14083
14080 14082
14080 14083
14082 14083
14073 14080
14010 14080
14010 14107
14080 14107
14011 14088
14011 14107
14088 14107
14011 14044
14011 14080
14011 14088
14011 14091
14011 14107
14044 14080
14044 14088
14044 14091
14044 14107
14080 14088
14080 14091
14080 14107
14088 14091
14088 14107
14091 14107
14073 14080
14088 14107
14010 14011
14010 14080
14010 14107
14011 14080
14011 14107
14080 14107
14011 14080
14011 14107
14080 14107
14080 14088
14080 14107
14009 14107
14080 14107
14010 14080
14010 14107
14080 14107
14010 14080
14009 14010
14009 14080
14010 14080
14010 14080
14010 14107
14010 14080
14010 14107
14080 14107
14061 14107
14082 14083
14082 14107
14083 14107
14073 14080
14073 14107
14080 14107
14073 14080
14073 14107
14080 14107
14010 14080
14010 14107
14080 14107
14044 14080
14076 14080
14076 14100
14080 14100
14073 14076
14073 14080
14076 14080
14073 14076
14073 14080
14076 14080
14055 14080
14064 14076
14064 14080
14076 14080
14064 14080
14044 14080
14044 14091
14080 14091
14073 14076
14073 14080
14073 14091
14076 14080
14076 14091
14080 14091
14076 14080
14076 14080
14076 14080
14076 14080
14073 14080
14076 14080
14076 14080
14076 14080
14076 14080
14042 14076
14042 14080
14076 14080
14076 14080
14080 14091
14073 14076
14073 14080
14076 14080
14076 14080
14059 14092
14059 14092
14059 14092
14059 14076
14059 14080
14059 14092
14076 14080
14076 14092
14080 14092
14059 14092
14076 14080
14080 14092
14059 14077
14059 14080
14077 14080
14059 14077
14059 14092
14059 14092
14059 14092
14059 14092
14059 14080
14059 14092
14080 14092
14059 14092
14059 14092
14059 14080
14059 14080
14059 14080
14059 14092
14080 14092
14059 14080
14073 14076
14073 14080
14076 14080
14073 14080
14073 14092
14073 14107
14080 14092
14080 14107
14092 14107
14059 14073
14059 14080
14059 14092
14073 14080
14073 14092
14080 14092
14073 14076
14073 14080
14076 14080
14059 14073
14059 14080
14073 14080
14059 14080
14059 14092
14080 14092
14073 14076
14073 14080
14073 14080
14073 14076
14073 14080
14076 14080
14073 14076
14073 14080
14076 14080
14059 14080
14059 14080
14059 14076
14059 14080
14059 14092
14076 14080
14076 14092
14080 14092
14055 14080
14073 14080
14012 14034
14012 14055
14012 14063
14012 14072
14012 14080
14034 14055
14034 14063
14034 14072
14034 14080
14055 14063
14055 14072
14055 14080
14063 14072
14063 14080
14072 14080
14010 14029
14010 14080
14010 14088
14029 14080
14029 14088
14080 14088
14010 14080
14010 14011
14010 14080
14010 14088
14011 14080
14011 14088
14080 14088
14029 14080
14010 14029
14010 14080
14029 14080
14010 14012
14010 14029
14010 14034
14010 14063
14010 14072
14010 14080
14012 14029
14012 14034
14012 14063
14012 14072
14012 14080
14029 14034
14029 14063
14029 14072
14029 14080
14034 14063
14034 14072
14034 14080
14063 14072
14063 14080
14072 14080
14010 14080
14010 14080
14010 14011
14010 14080
14011 14080
14012 14034
14012 14055
14012 14063
14012 14072
14012 14080
14034 14055
14034 14063
14034 14072
14034 14080
14055 14063
14055 14072
14055 14080
14063 14072
14063 14080
14072 14080
14012 14080
14012 14080
14080 14092
14080 14092
14080 14092
14080 14092
14080 14092
14012 14080
14012 14080
14012 14034
14012 14080
14034 14080
14003 14012
14003 14034
14003 14045
14003 14059
14003 14061
14003 14063
14003 14064
14003 14067
14003 14072
14003 14073
14003 14076
14003 14080
14003 14091
14003 14092
14003 14100
14003 14104
14012 14034
14012 14045
14012 14059
14012 14061
14012 14063
14012 14064
14012 14067
14012 14072
14012 14073
14012 14076
14012 14080
14012 14091
14012 14092
14012 14100
14012 14104
14034 14045
14034 14059
14034 14061
14034 14063
14034 14064
14034 14067
14034 14072
14034 14073
14034 14076
14034 14080
14034 14091
14034 14092
14034 14100
14034 14104
14045 14059
14045 14061
14045 14063
14045 14064
14045 14067
14045 14072
14045 14073
14045 14076
14045 14080
14045 14091
14045 14092
14045 14100
14045 14104
14059 14061
14059 14063
14059 14064
14059 14067
14059 14072
14059 14073
14059 14076
14059 14080
14059 14091
14059 14092
14059 14100
14059 14104
14061 14063
14061 14064
14061 14067
14061 14072
14061 14073
14061 14076
14061 14080
14061 14091
14061 14092
14061 14100
14061 14104
14063 14064
14063 14067
14063 14072
14063 14073
14063 14076
14063 14080
14063 14091
14063 14092
14063 14100
14063 14104
14064 14067
14064 14072
14064 14073
14064 14076
14064 14080
14064 14091
14064 14092
14064 14100
14064 14104
14067 14072
14067 14073
14067 14076
14067 14080
14067 14091
14067 14092
14067 14100
14067 14104
14072 14073
14072 14076
14072 14080
14072 14091
14072 14092
14072 14100
14072 14104
14073 14076
14073 14080
14073 14091
14073 14092
14073 14100
14073 14104
14076 14080
14076 14091
14076 14092
14076 14100
14076 14104
14080 14091
14080 14092
14080 14100
14080 14104
14091 14092
14091 14100
14091 14104
14092 14100
14092 14104
14100 14104
14000 14047
14000 14076
14000 14080
14047 14076
14047 14080
14076 14080
14000 14061
14091 14092
14091 14092
14012 14061
14067 14080
14000 14080
14000 14080
14000 14080
14012 14080
14012 14080
14012 14080
14012 14031
14012 14080
14031 14080
14012 14080
14012 14031
14012 14070
14012 14080
14031 14070
14031 14080
14070 14080
14012 14080
14012 14091
14080 14091
14012 14080
14012 14080
14012 14080
14012 14080
14012 14080
14012 14034
14012 14063
14012 14072
14012 14080
14034 14063
14034 14072
14034 14080
14063 14072
14063 14080
14072 14080
14070 14080
14003 14012
14003 14034
14003 14063
14003 14080
14003 14092
14012 14034
14012 14063
14012 14080
14012 14092
14034 14063
14034 14080
14034 14092
14063 14080
14063 14092
14080 14092
14012 14073
14012 14076
14012 14080
14073 14076
14073 14080
14076 14080
14003 14012
14003 14080
14003 14091
14012 14080
14012 14091
14080 14091
14073 14076
14073 14080
14073 14092
14076 14080
14076 14092
14080 14092
14047 14080
14047 14092
14080 14092
14080 14092
14080 14092
14080 14092
14004 14080
14074 14080
14074 14092
14074 14080
14047 14074
14047 14092
14074 14092
14074 14092
14074 14080
14074 14080
14074 14080
14074 14080
14074 14080
14047 14049
14047 14050
14047 14080
14047 14092
14049 14050
14049 14080
14049 14092
14050 14080
14050 14092
14080 14092
14047 14092
14047 14049
14047 14080
14049 14080
14074 14080
14047 14080
14047 14048
14047 14080
14047 14092
14047 14094
14048 14080
14048 14092
14048 14094
14080 14092
14080 14094
14092 14094
14010 14047
14010 14050
14047 14050
14010 14011
14010 14029
14010 14088
14011 14029
14011 14088
14029 14088
14010 14011
14010 14047
14010 14080
14011 14047
14011 14080
14047 14080
14010 14047
14010 14073
14010 14074
14010 14088
14010 14092
14047 14073
14047 14074
14047 14088
14047 14092
14073 14074
14073 14088
14073 14092
14074 14088
14074 14092
14088 14092
14010 14047
14010 14094
14047 14094
14047 14094
14010 14047
14010 14094
14047 14094
14010 14011
14010 14047
14010 14094
14011 14047
14011 14094
14047 14094
14010 14047
14010 14048
14047 14048
14010 14047
14010 14011
14010 14011
14010 14094
14011 14094
14010 14047
14010 14050
14010 14094
14047 14050
14047 14094
14050 14094
14010 14094
14011 14047
14011 14050
14011 14094
14047 14050
14047 14094
14050 14094
14047 14050
14010 14047
14010 14050
14047 14050
14010 14050
14010 14080
14050 14080
14010 14047
14010 14049
14010 14050
14047 14049
14047 14050
14049 14050
14000 14010
14000 14047
14000 14049
14000 14050
14010 14047
14010 14049
14010 14050
14047 14049
14047 14050
14049 14050
14000 14010
14000 14049
14000 14094
14010 14049
14010 14094
14049 14094
14011 14029
14011 14047
14011 14088
14029 14047
14029 14088
14047 14088
14080 14092
14010 14047
14010 14011
14010 14088
14010 14094
14011 14088
14011 14094
14088 14094
14011 14094
14088 14094
14074 14080
14074 14080
14047 14080
14011 14080
14010 14011
14010 14047
14010 14080
14011 14047
14011 14080
14047 14080
14011 14094
14010 14080
14010 14011
14010 14047
14010 14080
14011 14047
14011 14080
14047 14080
14011 14080
14047 14080
14047 14094
14080 14094
14047 14080
14074 14080
14010 14011
14010 14074
14010 14076
14010 14080
14011 14074
14011 14076
14011 14080
14074 14076
14074 14080
14076 14080
14010 14047
14049 14050
14049 14080
14050 14080
14047 14049
14047 14050
14047 14080
14049 14050
14049 14080
14050 14080
14011 14047
14047 14080
14010 14047
14010 14050
14010 14080
14047 14050
14047 14080
14050 14080
14010 14011
14010 14047
14010 14080
14010 14092
14011 14047
14011 14080
14011 14092
14047 14080
14047 14092
14080 14092
14010 14073
14010 14074
14010 14076
14010 14080
14010 14092
14073 14074
14073 14076
14073 14080
14073 14092
14074 14076
14074 14080
14074 14092
14076 14080
14076 14092
14080 14092
14078 14080
14078 14092
14080 14092
14065 14066
14065 14066
14065 14080
14066 14080
14065 14066
14065 14066
14065 14092
14066 14092
14059 14080
14059 14092
14080 14092
14059 14074
14059 14080
14059 14092
14074 14080
14074 14092
14080 14092
14059 14080
14059 14092
14080 14092
14080 14092
14059 14080
14059 14092
14080 14092
14059 14080
14059 14080
14076 14080
14025 14075
14025 14080
14075 14080
14059 14075
14059 14080
14075 14080
14059 14075
14059 14080
14075 14080
14059 14075
14059 14080
14075 14080
14025 14075
14025 14080
14075 14080
14025 14080
14025 14080
14025 14075
14025 14080
14025 14075
14025 14080
14025 14030
14025 14030
14025 14075
14025 14080
14030 14075
14030 14080
14075 14080
14025 14030
14025 14030
14025 14030
14025 14080
14030 14080
14025 14080
14030 14080
14051 14080
14025 14080
14025 14080
14025 14051
14013 14026
14013 14051
14013 14069
14013 14080
14026 14051
14026 14069
14026 14080
14051 14069
14051 14080
14069 14080
14025 14051
14025 14069
14025 14080
14051 14069
14051 14080
14069 14080
14051 14058
14051 14069
14051 14080
14069 14080
14051 14080
14051 14080
14051 14080
14025 14051
14025 14080
14025 14084
14051 14080
14051 14084
14080 14084
14069 14080
14025 14051
14025 14080
14051 14080
14025 14051
14025 14080
14051 14080
14059 14069
14059 14073
14059 14076
14059 14080
14069 14073
14069 14076
14069 14080
14073 14076
14073 14080
14076 14080
14069 14073
14069 14076
14069 14080
14069 14092
14073 14076
14073 14080
14073 14092
14076 14080
14076 14092
14080 14092
14076 14080
14069 14073
14069 14080
14073 14080
14065 14066
14036 14059
14036 14080
14059 14080
14059 14080
14059 14092
14074 14080
14074 14080
14065 14080
14074 14080
14065 14080
14074 14080
14074 14080
14065 14066
14065 14080
14066 14080
14065 14078
14065 14078
14065 14078
14065 14066
14065 14066
14065 14078
14066 14078
14065 14078
14065 14066
14065 14080
14066 14080
14065 14078
14065 14080
14078 14080
14065 14080
14065 14078
14065 14080
14078 14080
14065 14078
14065 14080
14078 14080
14065 14080
14065 14080
14069 14073
14069 14076
14069 14080
14073 14076
14073 14080
14076 14080
14012 14070
14012 14080
14070 14080
14031 14076
14031 14080
14076 14080
14031 14076
14031 14078
14031 14080
14031 14086
14076 14078
14076 14080
14076 14086
14078 14080
14078 14086
14080 14086
14078 14080
14031 14076
14031 14080
14076 14080
14070 14076
14070 14080
14076 14080
14070 14080
14017 14062
14017 14080
14017 14103
14062 14080
14062 14103
14080 14103
14070 14080
14003 14017
14003 14058
14003 14070
14017 14058
14017 14070
14058 14070
14070 14080
14070 14080
14062 14070
14062 14070
14062 14103
14070 14103
14062 14070
14062 14080
14070 14080
14062 14070
14062 14070
14062 14080
14070 14080
14062 14070
14062 14103
14070 14103
14062 14070
14070 14080
14017 14070
14017 14103
14070 14103
14070 14080
14017 14070
14017 14080
14017 14103
14070 14080
14070 14103
14080 14103
14070 14080
14070 14080
14070 14080
14070 14080
14006 14080
14006 14080
14006 14080
14006 14080
14006 14080
14006 14080
14006 14070
14006 14080
14070 14080
14006 14080
14006 14080
14006 14080
14070 14080
14017 14070
14017 14103
14070 14103
14070 14080
14070 14080
14070 14080
14012 14055
14012 14070
14012 14080
14055 14070
14055 14080
14070 14080
14062 14070
14062 14080
14070 14080
14070 14071
14070 14071
14070 14080
14071 14080
14071 14080
14070 14071
14070 14080
14071 14080
14070 14071
14070 14071
14070 14080
14071 14080
14071 14080
14071 14080
14009 14071
14009 14080
14071 14080
14071 14080
14071 14080
14071 14080
14006 14071
14006 14080
14071 14080
14071 14080
14006 14071
14006 14080
14071 14080
14071 14080
14071 14080
14071 14080
14071 14080
14071 14080
14076 14080
14071 14080
14071 14074
14071 14076
14071 14080
14074 14076
14074 14080
14076 14080
14071 14074
14071 14076
14071 14080
14074 14076
14074 14080
14076 14080
14006 14080
14006 14074
14006 14080
14074 14080
14006 14074
14006 14080
14074 14080
14074 14080
14074 14080
14074 14080
14006 14074
14006 14080
14074 14080
14006 14074
14006 14080
14074 14080
14006 14074
14006 14080
14074 14080
14006 14074
14006 14080
14074 14080
14006 14074
14006 14080
14074 14080
14006 14080
14006 14074
14006 14080
14074 14080
14006 14071
14006 14074
14006 14080
14071 14074
14071 14080
14074 14080
14006 14074
14006 14080
14074 14080
14070 14080
14074 14080
14070 14080
14070 14080
14070 14080
14031 14080
14031 14080
14031 14070
14031 14070
14031 14076
14031 14080
14070 14076
14070 14080
14076 14080
14031 14070
14031 14080
14070 14080
14006 14031
14006 14062
14006 14070
14031 14062
14031 14070
14062 14070
14076 14080
14003 14012
14003 14034
14003 14076
14003 14080
14012 14034
14012 14076
14012 14080
14034 14076
14034 14080
14076 14080
14076 14080
14074 14076
14074 14080
14074 14092
14076 14080
14076 14092
14080 14092
14073 14074
14073 14076
14074 14076
14076 14080
14052 14092
14052 14076
14052 14080
14052 14092
14076 14080
14076 14092
14080 14092
14052 14074
14052 14092
14074 14092
14052 14076
14052 14080
14052 14092
14076 14080
14076 14092
14080 14092
14052 14080
14052 14080
14031 14070
14052 14059
14052 14080
14052 14080
14052 14091
14080 14091
14052 14080
14076 14080
14074 14076
14074 14080
14074 14092
14076 14080
14076 14092
14080 14092
14080 14092
14046 14074
14046 14080
14046 14092
14074 14080
14074 14092
14080 14092
14080 14092
14074 14092
14074 14080
14074 14092
14080 14092
14074 14076
14052 14092
14052 14060
14052 14080
14052 14074
14052 14076
14052 14080
14074 14076
14074 14080
14076 14080
14052 14074
14052 14076
14052 14080
14074 14076
14074 14080
14076 14080
14052 14073
14052 14074
14052 14076
14052 14080
14052 14092
14073 14074
14073 14076
14073 14080
14073 14092
14074 14076
14074 14080
14074 14092
14076 14080
14076 14092
14080 14092
14052 14080
14052 14080
14080 14086
14060 14080
14037 14052
14037 14056
14037 14057
14037 14080
14037 14106
14052 14056
14052 14057
14052 14080
14052 14106
14056 14057
14056 14080
14056 14106
14057 14080
14057 14106
14080 14106
14052 14060
14052 14080
14060 14080
14060 14080
14037 14060
14037 14057
14037 14060
14037 14080
14037 14106
14057 14060
14057 14080
14057 14106
14060 14080
14060 14106
14080 14106
14057 14060
14057 14081
14060 14081
14056 14060
14056 14080
14056 14106
14060 14080
14060 14106
14080 14106
14057 14060
14057 14080
14060 14080
14056 14106
14056 14073
14056 14074
14056 14080
14056 14106
14073 14074
14073 14080
14073 14106
14074 14080
14074 14106
14080 14106
14057 14080
14060 14080
14060 14080
14060 14080
14057 14060
14060 14080
14060 14080
14057 14060
14057 14080
14060 14080
14057 14060
14057 14080
14060 14080
14060 14080
14060 14080
14060 14080
14060 14080
14060 14080
14029 14060
14029 14080
14060 14080
14037 14080
14037 14073
14037 14074
14037 14080
14073 14074
14073 14080
14074 14080
14060 14073
14060 14074
14060 14080
14073 14074
14073 14080
14074 14080
14060 14080
14057 14080
14080 14106
14060 14073
14060 14080
14073 14080
14060 14080
14080 14092
14059 14080
14059 14092
14080 14092
14080 14100
14044 14080
14044 14100
14080 14100
14044 14080
14044 14100
14080 14100
14012 14100
14012 14044
14012 14080
14012 14091
14012 14092
14012 14100
14044 14080
14044 14091
14044 14092
14044 14100
14080 14091
14080 14092
14080 14100
14091 14092
14091 14100
14092 14100
14044 14092
14044 14100
14044 14080
14044 14080
14044 14100
14080 14100
14080 14100
14044 14080
14044 14091
14080 14091
14052 14060
14052 14073
14052 14074
14052 14076
14052 14080
14052 14092
14052 14100
14060 14073
14060 14074
14060 14076
14060 14080
14060 14092
14060 14100
14073 14074
14073 14076
14073 14080
14073 14092
14073 14100
14074 14076
14074 14080
14074 14092
14074 14100
14076 14080
14076 14092
14076 14100
14080 14092
14080 14100
14092 14100
14044 14068
14044 14080
14044 14091
14068 14080
14068 14091
14080 14091
14080 14100
14044 14068
14044 14068
14044 14068
14044 14080
14068 14080
14044 14068
14044 14080
14044 14091
14068 14080
14068 14091
14080 14091
14044 14068
14044 14080
14044 14091
14068 14080
14068 14091
14080 14091
14044 14068
14044 14080
14044 14100
14068 14080
14068 14100
14080 14100
14044 14080
14044 14100
14080 14100
14044 14068
14044 14091
14068 14091
14044 14080
14044 14091
14044 14100
14080 14091
14080 14100
14091 14100
14044 14068
14044 14068
14044 14080
14068 14080
14044 14068
14044 14100
14068 14100
14080 14100
14080 14091
14080 14100
14091 14100
14044 14068
14044 14080
14044 14100
14068 14080
14068 14100
14080 14100
14044 14068
14044 14080
14044 14100
14068 14080
14068 14100
14080 14100
14068 14080
14068 14100
14080 14100
14007 14068
14007 14080
14007 14100
14068 14080
14068 14100
14080 14100
14007 14080
14007 14068
14080 14100
14007 14068
14007 14100
14068 14100
14007 14100
14007 14068
14044 14068
14044 14080
14044 14100
14080 14100
14080 14100
14044 14080
14044 14091
14044 14100
14080 14091
14080 14100
14091 14100
14044 14068
14044 14100
14068 14100
14044 14068
14044 14100
14068 14100
14068 14080
14068 14080
14068 14100
14080 14100
14044 14068
14044 14080
14068 14080
14007 14080
14002 14068
14060 14068
14060 14080
14060 14092
14068 14080
14068 14092
14080 14092
14068 14080
14060 14068
14044 14080
14044 14092
14080 14092
14044 14051
14044 14068
14044 14080
14051 14068
14051 14080
14068 14080
14080 14100
14080 14100
14060 14080
14060 14080
14060 14080
14060 14080
14060 14080
14060 14080
14060 14080
14060 14080
14060 14080
14060 14080
14060 14080
14060 14080
14060 14080
14060 14080
14060 14080
14006 14060
14006 14080
14060 14080
14060 14080
14076 14080
14073 14074
14073 14076
14073 14080
14073 14092
14074 14076
14074 14080
14074 14092
14076 14080
14076 14092
14080 14092
14073 14074
14073 14080
14073 14100
14074 14080
14074 14100
14080 14100
14073 14074
14037 14056
14037 14057
14037 14106
14056 14057
14056 14106
14057 14106
14057 14080
14057 14080
14060 14080
14080 14106
14080 14106
14080 14106
14060 14080
14080 14100
14052 14080
14037 14056
14037 14057
14037 14060
14056 14057
14056 14060
14057 14060
14045 14052
14045 14064
14045 14080
14045 14100
14052 14064
14052 14080
14052 14100
14064 14080
14064 14100
14080 14100
14060 14080
14060 14080
14060 14080
14060 14080
14060 14080
14059 14060
14059 14080
14060 14080
14060 14080
14060 14080
14060 14080
14060 14080
14060 14100
14080 14100
14044 14100
14060 14100
14044 14060
14060 14100
14044 14060
14019 14020
14019 14060
14020 14060
14060 14080
14060 14100
14080 14100
14080 14100
14031 14076
14031 14080
14031 14086
14076 14080
14076 14086
14080 14086
14080 14100
14080 14100
14045 14052
14045 14064
14045 14080
14045 14100
14052 14064
14052 14080
14052 14100
14064 14080
14064 14100
14080 14100
14007 14045
14007 14064
14007 14080
14007 14100
14045 14064
14045 14080
14045 14100
14064 14080
14064 14100
14080 14100
14045 14064
14045 14091
14064 14091
14064 14080
14076 14080
14064 14080
14064 14086
14064 14100
14080 14086
14080 14100
14086 14100
14031 14076
14031 14080
14031 14086
14076 14080
14076 14086
14080 14086
14080 14086
14064 14080
14064 14100
14080 14100
14080 14086
14064 14080
14064 14086
14064 14100
14080 14086
14080 14100
14086 14100
14051 14080
14080 14086
14031 14080
14031 14086
14080 14086
14080 14086
14080 14086
14064 14080
14064 14086
14064 14100
14080 14086
14080 14100
14086 14100
14064 14080
14019 14020
14019 14105
14020 14105
14080 14105
14027 14060
14027 14080
14027 14086
14027 14095
14060 14080
14060 14086
14060 14095
14080 14086
14080 14095
14086 14095
14058 14060
14058 14086
14060 14086
14027 14060
14027 14086
14060 14086
14060 14080
14027 14060
14027 14086
14060 14086
14060 14086
14019 14020
14019 14060
14019 14080
14019 14105
14020 14060
14020 14080
14020 14105
14060 14080
14060 14105
14080 14105
14060 14086
14057 14060
14027 14057
14027 14060
14027 14086
14057 14060
14057 14086
14060 14086
14027 14057
14027 14060
14057 14060
14057 14060
14057 14060
14057 14080
14060 14080
14057 14060
14057 14060
14057 14060
14057 14060
14057 14060
14057 14080
14060 14080
14057 14060
14057 14060
14057 14060
14057 14060
14057 14080
14060 14080
14057 14060
14057 14060
14057 14060
14057 14060
14057 14060
14057 14060
14057 14060
14057 14060
14057 14107
14060 14107
14057 14073
14057 14080
14057 14107
14073 14080
14073 14107
14080 14107
14057 14060
14057 14080
14057 14060
14057 14060
14057 14060
14064 14100
14064 14080
14057 14060
14057 14080
14060 14080
14057 14060
14060 14080
14059 14080
14059 14080
14059 14092
14080 14092
14059 14080
14059 14080
14059 14080
14059 14086
14080 14086
14059 14060
14059 14080
14060 14080
14059 14060
14059 14086
14060 14086
14059 14080
14059 14086
14080 14086
14059 14086
14059 14060
14059 14086
14060 14086
14059 14060
14059 14080
14060 14080
14060 14086
14059 14080
14059 14080
14059 14086
14080 14086
14059 14080
14059 14080
14059 14086
14025 14030
14025 14080
14030 14080
14030 14059
14057 14060
14057 14080
14057 14098
14060 14080
14060 14098
14080 14098
14059 14080
14057 14059
14057 14060
14057 14086
14059 14060
14059 14086
14060 14086
14037 14080
14080 14097
14060 14097
14030 14057
14030 14059
14030 14080
14057 14059
14057 14080
14059 14080
14060 14096
14060 14097
14060 14098
14060 14099
14096 14097
14096 14098
14096 14099
14097 14098
14097 14099
14098 14099
14059 14060
14059 14080
14059 14086
14060 14080
14060 14086
14080 14086
14057 14060
14059 14080
14080 14086
14059 14080
14059 14086
14080 14086
14059 14080
14059 14086
14080 14086
14080 14086
14059 14080
14059 14064
14059 14100
14064 14100
14044 14080
14060 14080
14060 14080
14059 14060
14059 14080
14060 14080
14057 14060
14057 14080
14060 14080
14060 14080
14037 14057
14037 14060
14037 14080
14057 14060
14057 14080
14060 14080
14057 14060
14057 14080
14060 14080
14057 14060
14057 14060
14057 14080
14060 14080
14057 14060
14057 14060
14057 14080
14060 14080
14037 14060
14037 14080
14060 14080
14057 14060
14057 14080
14060 14080
14056 14057
14056 14060
14056 14106
14057 14060
14057 14106
14060 14106
14060 14080
14060 14080
14060 14080
14060 14100
14080 14100
14080 14100
14064 14100
14064 14080
14060 14080
14060 14100
14080 14100
14080 14100
14060 14080
14060 14100
14080 14100
14007 14060
14007 14076
14007 14080
14060 14076
14060 14080
14076 14080
14007 14060
14007 14080
14060 14080
14060 14080
14060 14100
14080 14100
14037 14060
14037 14060
14037 14080
14060 14080
14037 14100
14037 14057
14037 14057
14037 14060
14057 14060
14060 14080
14060 14080
14060 14080
14060 14080
14060 14080
14059 14060
14059 14080
14060 14080
14060 14080
14060 14080
14060 14080
14044 14080
14044 14080
14051 14080
14080 14092
14080 14086
14058 14086
14080 14086
14074 14080
14059 14080
14059 14080
14059 14080
14059 14080
14059 14080
14059 14080
14059 14080
14059 14080
14059 14080
14059 14080
14059 14100
14080 14100
14058 14080
14058 14086
14080 14086
14059 14080
14059 14100
14080 14100
14032 14076
14032 14080
14076 14080
14073 14074
14073 14076
14073 14080
14073 14092
14074 14076
14074 14080
14074 14092
14076 14080
14076 14092
14080 14092
14074 14080
14051 14080
14013 14026
14013 14051
14013 14080
14026 14051
14026 14080
14051 14080
14058 14080
14051 14058
14051 14080
14058 14080
14058 14080
14058 14080
14058 14080
14058 14074
14058 14080
14074 14080
14076 14080
14058 14080
14058 14080
14058 14086
14058 14080
14054 14058
14058 14080
14013 14032
14013 14051
14013 14058
14013 14080
14032 14051
14032 14058
14032 14080
14051 14058
14051 14080
14058 14080
14058 14080
14074 14080
14074 14092
14080 14092
14058 14074
14058 14076
14058 14080
14074 14076
14074 14080
14076 14080
14058 14080
14032 14058
14032 14080
14058 14080
14032 14080
14032 14058
14032 14080
14058 14080
14058 14059
14058 14080
14059 14080
14032 14053
14032 14058
14053 14058
14053 14058
14053 14080
14058 14080
14051 14053
14051 14080
14053 14080
14053 14054
14053 14058
14054 14058
14032 14051
14032 14058
14032 14080
14051 14058
14051 14080
14058 14080
14032 14051
14032 14058
14051 14058
14051 14058
14051 14080
14058 14080
14053 14058
14051 14074
14051 14076
14051 14080
14074 14076
14074 14080
14076 14080
14032 14058
14032 14080
14058 14080
14051 14080
14051 14080
14051 14074
14051 14076
14074 14076
14051 14058
14051 14080
14058 14080
14051 14058
14051 14080
14058 14080
14051 14058
14051 14080
14058 14080
14051 14080
14058 14080
14058 14080
14058 14080
14032 14051
14032 14080
14051 14080
14032 14051
14032 14058
14051 14058
14032 14058
14032 14058
14051 14058
14051 14080
14058 14080
14051 14058
14051 14080
14058 14080
14051 14080
14032 14053
14032 14053
14032 14058
14053 14058
14013 14032
14051 14076
14051 14080
14076 14080
14032 14051
14032 14080
14051 14080
14051 14054
14051 14054
14051 14054
14051 14058
14026 14051
14026 14054
14051 14054
14051 14054
14051 14058
14051 14080
14054 14058
14054 14080
14058 14080
14051 14080
14051 14080
14051 14080
14080 14082
14080 14084
14082 14084
14080 14084
14080 14100
14059 14080
14059 14073
14059 14100
14073 14100
14051 14058
14051 14080
14051 14107
14058 14080
14058 14107
14080 14107
14013 14026
14013 14080
14026 14080
14073 14076
14073 14080
14073 14084
14076 14080
14076 14084
14080 14084
14076 14080
14076 14080
14076 14080
14076 14084
14080 14084
14080 14096
14076 14080
14076 14084
14076 14097
14080 14084
14080 14097
14084 14097
14057 14080
14032 14058
14032 14059
14032 14080
14058 14059
14058 14080
14059 14080
14057 14096
14057 14098
14096 14098
14080 14099
14096 14097
14096 14099
14097 14099
14080 14096
14097 14099
14080 14097
14096 14097
14096 14098
14096 14099
14097 14098
14097 14099
14098 14099
14098 14099
14096 14097
14096 14098
14097 14098
14096 14097
14096 14098
14097 14098
14060 14086
14060 14096
14060 14098
14086 14096
14086 14098
14096 14098
14096 14098
14096 14098
14096 14098
14042 14057
14057 14098
14057 14080
14057 14083
14080 14083
14057 14073
14057 14080
14057 14102
14057 14102
14025 14036
14025 14057
14025 14080
14025 14082
14036 14057
14036 14080
14036 14082
14057 14080
14057 14082
14080 14082
14076 14098
14025 14080
14025 14084
14080 14084
14009 14080
14009 14084
14080 14084
14080 14083
14036 14084
14080 14084
14036 14073
14036 14080
14073 14080
14073 14076
14073 14076
14073 14082
14073 14084
14076 14082
14076 14084
14082 14084
14059 14084
14025 14036
14057 14080
14010 14011
14010 14029
14010 14088
14011 14029
14011 14088
14029 14088
14080 14083
14080 14083
14080 14084
14083 14084
14021 14083
14021 14022
14021 14023
14021 14080
14021 14088
14022 14023
14022 14080
14022 14088
14023 14080
14023 14088
14080 14088
14010 14022
14010 14023
14010 14080
14022 14023
14022 14080
14023 14080
14018 14022
14022 14023
14032 14086
14032 14051
14032 14058
14051 14058
14051 14058
14018 14022
14018 14023
14018 14088
14023 14088
14018 14088
14018 14088
14018 14023
14057 14059
14057 14074
14057 14080
14059 14074
14059 14080
14074 14080
14059 14076
14076 14080
14076 14088
14080 14088
14022 14059
14022 14080
14022 14088
14059 14080
14059 14088
14080 14088
14022 14059
14022 14092
14059 14092
14076 14088
14018 14080
14018 14088
14080 14088
14021 14022
14021 14029
14021 14059
14022 14029
14022 14059
14029 14059
14021 14022
14021 14023
14022 14023
14021 14076
14021 14088
14076 14088
14021 14076
14021 14088
14076 14088
14021 14076
14021 14022
14021 14023
14021 14029
14021 14088
14022 14023
14022 14029
14022 14088
14023 14029
14023 14088
14029 14088
14022 14076
14022 14023
14022 14023
14022 14023
14021 14088
14021 14033
14021 14033
14021 14051
14033 14051
14021 14033
14021 14107
14021 14029
14021 14088
14029 14088
14080 14088
14018 14021
14018 14022
14018 14023
14018 14029
14018 14083
14018 14088
14021 14022
14021 14023
14021 14029
14021 14083
14021 14088
14022 14023
14022 14029
14022 14083
14022 14088
14023 14029
14023 14083
14023 14088
14029 14083
14029 14088
14083 14088
14021 14029
14021 14088
14029 14088
14021 14029
14021 14088
14029 14088
14021 14088
14006 14088
14006 14088
14006 14080
14006 14088
14006 14018
14006 14022
14018 14022
14006 14059
14006 14029
14006 14088
14029 14088
14006 14107
14006 14107
14029 14073
14029 14076
14029 14080
14073 14076
14073 14080
14076 14080
14010 14011
14010 14029
14010 14080
14010 14083
14011 14029
14011 14080
14011 14083
14029 14080
14029 14083
14080 14083
14006 14074
14006 14080
14006 14107
14074 14080
14074 14107
14080 14107
14006 14080
14006 14107
14080 14107
14006 14010
14006 14080
14006 14083
14006 14107
14010 14080
14010 14083
14010 14107
14080 14083
14080 14107
14083 14107
14006 14080
14006 14080
14006 14070
14006 14080
14006 14107
14070 14080
14070 14107
14080 14107
14006 14059
14006 14080
14059 14080
14006 14080
14010 14083
14010 14107
14083 14107
14006 14080
14006 14009
14006 14080
14009 14080
14006 14080
14006 14080
14006 14088
14080 14088
14006 14010
14006 14011
14006 14021
14006 14080
14006 14083
14006 14107
14010 14011
14010 14021
14010 14080
14010 14083
14010 14107
14011 14021
14011 14080
14011 14083
14011 14107
14021 14080
14021 14083
14021 14107
14080 14083
14080 14107
14083 14107
14006 14080
14009 14080
14006 14059
14006 14080
14059 14080
14080 14102
14080 14107
14102 14107
14006 14057
14006 14059
14006 14080
14057 14059
14057 14080
14059 14080
14006 14059
14006 14080
14059 14080
14006 14010
14006 14059
14006 14080
14006 14083
14010 14059
14010 14080
14010 14083
14059 14080
14059 14083
14080 14083
14006 14059
14006 14080
14059 14080
14059 14080
14006 14080
14006 14102
14080 14102
14006 14080
14059 14080
14006 14021
14006 14080
14021 14080
14006 14073
14006 14080
14033 14107
14032 14033
14080 14107
14006 14080
14006 14107
14080 14107
14083 14107
14083 14107
14059 14080
14023 14073
14023 14076
14023 14080
14023 14083
14023 14084
14073 14076
14073 14080
14073 14083
14073 14084
14076 14080
14076 14083
14076 14084
14080 14083
14080 14084
14083 14084
14010 14059
14010 14083
14010 14107
14059 14083
14059 14107
14083 14107
14059 14080
14059 14080
14059 14080
14006 14059
14006 14080
14059 14080
14059 14080
14059 14071
14059 14080
14071 14080
14051 14080
14051 14083
14051 14107
14080 14083
14080 14107
14083 14107
14025 14033
14025 14036
14025 14073
14025 14076
14025 14080
14025 14082
14025 14084
14033 14036
14033 14073
14033 14076
14033 14080
14033 14082
14033 14084
14036 14073
14036 14076
14036 14080
14036 14082
14036 14084
14073 14076
14073 14080
14073 14082
14073 14084
14076 14080
14076 14082
14076 14084
14080 14082
14080 14084
14082 14084
14059 14076
14059 14080
14076 14080
14025 14033
14025 14036
14033 14036
14033 14080
14033 14053
14033 14082
14053 14082
14033 14080
14055 14080
14036 14080
14036 14084
14080 14084
14073 14076
14073 14082
14073 14084
14076 14082
14076 14084
14082 14084
14038 14041
14038 14082
14041 14082
14012 14038
14012 14041
14012 14055
14012 14080
14038 14041
14038 14055
14038 14080
14041 14055
14041 14080
14055 14080
14038 14058
14038 14080
14058 14080
14038 14040
14038 14041
14038 14080
14040 14041
14040 14080
14041 14080
14051 14080
14033 14051
14033 14080
14051 14080
14025 14036
14025 14073
14025 14080
14025 14082
14025 14084
14036 14073
14036 14080
14036 14082
14036 14084
14073 14080
14073 14082
14073 14084
14080 14082
14080 14084
14082 14084
14033 14051
14033 14080
14051 14080
14051 14058
14051 14080
14058 14080
14051 14058
14051 14080
14051 14080
14051 14070
14051 14080
14070 14080
14032 14051
14032 14080
14051 14080
14051 14058
14033 14051
14033 14053
14033 14080
14051 14053
14051 14080
14053 14080
14033 14051
14033 14080
14051 14080
14051 14080
14012 14032
14012 14051
14012 14058
14012 14074
14012 14076
14012 14080
14012 14082
14012 14092
14032 14051
14032 14058
14032 14074
14032 14076
14032 14080
14032 14082
14032 14092
14051 14058
14051 14074
14051 14076
14051 14080
14051 14082
14051 14092
14058 14074
14058 14076
14058 14080
14058 14082
14058 14092
14074 14076
14074 14080
14074 14082
14074 14092
14076 14080
14076 14082
14076 14092
14080 14082
14080 14092
14082 14092
14038 14080
14009 14059
14009 14080
14059 14080
14006 14059
14006 14074
14059 14074
14051 14059
14051 14080
14059 14080
14051 14053
14051 14059
14053 14059
14006 14084
14051 14059
14059 14084
14009 14059
14059 14100
14059 14080
14012 14058
14012 14080
14012 14082
14058 14080
14058 14082
14080 14082
14012 14013
14012 14031
14012 14032
14012 14033
14012 14051
14012 14054
14012 14058
14012 14080
14013 14031
14013 14032
14013 14033
14013 14051
14013 14054
14013 14058
14013 14080
14031 14032
14031 14033
14031 14051
14031 14054
14031 14058
14031 14080
14032 14033
14032 14051
14032 14054
14032 14058
14032 14080
14033 14051
14033 14054
14033 14058
14033 14080
14051 14054
14051 14058
14051 14080
14054 14058
14054 14080
14058 14080
14012 14031
14012 14080
14031 14080
14012 14080
14017 14031
14017 14062
14017 14070
14017 14080
14017 14103
14031 14062
14031 14070
14031 14080
14031 14103
14062 14070
14062 14080
14062 14103
14070 14080
14070 14103
14080 14103
14012 14080
14012 14080
14063 14080
14059 14063
14059 14080
14063 14080
14034 14080
14012 14063
14012 14072
14012 14074
14012 14076
14012 14080
14012 14092
14063 14072
14063 14074
14063 14076
14063 14080
14063 14092
14072 14074
14072 14076
14072 14080
14072 14092
14074 14076
14074 14080
14074 14092
14076 14080
14076 14092
14080 14092
14034 14080
14034 14080
14012 14032
14012 14080
14032 14080
14045 14063
14045 14064
14045 14072
14045 14092
14045 14100
14063 14064
14063 14072
14063 14092
14063 14100
14064 14072
14064 14092
14064 14100
14072 14092
14072 14100
14092 14100
14012 14080
14063 14076
14063 14080
14063 14084
14076 14080
14076 14084
14080 14084
14076 14080
14063 14076
14063 14080
14063 14084
14076 14080
14076 14084
14080 14084
14031 14063
14031 14070
14031 14080
14031 14084
14063 14070
14063 14080
14063 14084
14070 14080
14070 14084
14080 14084
14012 14045
14012 14063
14012 14064
14012 14072
14012 14076
14012 14082
14012 14084
14012 14092
14012 14100
14045 14063
14045 14064
14045 14072
14045 14076
14045 14082
14045 14084
14045 14092
14045 14100
14063 14064
14063 14072
14063 14076
14063 14082
14063 14084
14063 14092
14063 14100
14064 14072
14064 14076
14064 14082
14064 14084
14064 14092
14064 14100
14072 14076
14072 14082
14072 14084
14072 14092
14072 14100
14076 14082
14076 14084
14076 14092
14076 14100
14082 14084
14082 14092
14082 14100
14084 14092
14084 14100
14092 14100
14012 14080
14012 14063
14012 14070
14063 14070
14076 14080
14076 14080
14076 14080
14012 14080
14012 14063
14012 14080
14063 14080
14063 14080
14012 14063
14012 14064
14012 14080
14012 14100
14063 14064
14063 14080
14063 14100
14064 14080
14064 14100
14080 14100
14063 14072
14063 14080
14072 14080
14025 14036
14025 14073
14025 14080
14025 14082
14025 14084
14025 14100
14036 14073
14036 14080
14036 14082
14036 14084
14036 14100
14073 14080
14073 14082
14073 14084
14073 14100
14080 14082
14080 14084
14080 14100
14082 14084
14082 14100
14084 14100
14012 14034
14012 14059
14012 14063
14012 14072
14012 14080
14034 14059
14034 14063
14034 14072
14034 14080
14059 14063
14059 14072
14059 14080
14063 14072
14063 14080
14072 14080
14080 14100
14036 14076
14036 14084
14076 14084
14076 14080
14076 14080
14036 14059
14036 14080
14036 14100
14059 14080
14059 14100
14080 14100
14038 14059
14038 14076
14038 14080
14059 14076
14059 14080
14076 14080
14082 14092
14025 14036
14025 14047
14025 14059
14025 14064
14025 14073
14025 14074
14025 14076
14025 14080
14025 14084
14025 14100
14036 14047
14036 14059
14036 14064
14036 14073
14036 14074
14036 14076
14036 14080
14036 14084
14036 14100
14047 14059
14047 14064
14047 14073
14047 14074
14047 14076
14047 14080
14047 14084
14047 14100
14059 14064
14059 14073
14059 14074
14059 14076
14059 14080
14059 14084
14059 14100
14064 14073
14064 14074
14064 14076
14064 14080
14064 14084
14064 14100
14073 14074
14073 14076
14073 14080
14073 14084
14073 14100
14074 14076
14074 14080
14074 14084
14074 14100
14076 14080
14076 14084
14076 14100
14080 14084
14080 14100
14084 14100
14010 14059
14051 14058
14006 14059
14006 14080
14059 14080
