30001 30004
30001 30004
30001 30004
30001 30004
30001 30004
30002 30003
30001 30004
30001 30004
30001 30004
30000 30001
30000 30001
30000 30002
30001 30002
30000 30001
30000 30001
30000 30001
30000 30001
30000 30001
30000 30001
30000 30001
30000 30001
30000 30001
30000 30001
30000 30001
30000 30001
30000 30001
30000 30001
30000 30001
30000 30001
30000 30001
30000 30001
30000 30001
30000 30001
30001 30002
30001 30002
30001 30002
30001 30002
30000 30001
30000 30002
30001 30002
30001 30002
30001 30002
30000 30001
30000 30002
30001 30002
30001 30002
30001 30002
30000 30001
30000 30001
30000 30002
30001 30002
30001 30002
30000 30001
30000 30001
30000 30002
30001 30002
30000 30002
30000 30001
30000 30002
30001 30002
30001 30002
30000 30002
