7000 7035
7000 7035
7000 7020
7000 7035
7020 7035
7020 7034
7000 7035
7020 7023
7020 7034
7023 7034
7000 7035
7000 7035
7000 7013
7000 7035
7013 7035
7002 7020
7002 7034
7002 7035
7020 7034
7020 7035
7034 7035
7000 7020
7000 7034
7000 7035
7020 7034
7020 7035
7034 7035
7020 7035
7002 7035
7002 7022
7020 7035
7002 7020
7020 7035
7002 7035
7020 7034
7002 7035
7020 7034
7020 7035
7034 7035
7002 7020
7002 7020
7000 7002
7000 7004
7000 7008
7000 7009
7000 7016
7000 7017
7000 7022
7000 7036
7002 7004
7002 7008
7002 7009
7002 7016
7002 7017
7002 7022
7002 7036
7004 7008
7004 7009
7004 7016
7004 7017
7004 7022
7004 7036
7008 7009
7008 7016
7008 7017
7008 7022
7008 7036
7009 7016
7009 7017
7009 7022
7009 7036
7016 7017
7016 7022
7016 7036
7017 7022
7017 7036
7022 7036
7004 7020
7004 7035
7020 7035
7004 7020
7004 7034
7004 7035
7020 7034
7020 7035
7034 7035
7004 7020
7004 7020
7004 7020
7004 7020
7004 7020
7004 7020
7004 7020
7004 7020
7022 7036
7004 7020
7000 7020
7000 7004
7000 7020
7004 7020
7004 7020
7000 7016
7000 7020
7016 7020
7000 7004
7000 7016
7000 7020
7000 7036
7004 7016
7004 7020
7004 7036
7016 7020
7016 7036
7020 7036
7004 7020
7004 7020
7000 7004
7000 7020
7004 7020
7004 7020
7000 7004
7000 7036
7004 7036
7004 7020
7004 7036
7020 7036
7020 7035
7020 7035
7002 7020
7020 7034
7020 7035
7034 7035
7020 7034
7020 7034
7002 7034
7002 7020
7002 7035
7020 7035
7020 7023
7020 7034
7023 7034
7020 7023
7020 7034
7023 7034
7002 7020
7002 7022
7020 7022
7002 7034
7002 7035
7034 7035
7002 7017
7017 7020
7002 7004
7002 7017
7002 7020
7004 7017
7004 7020
7017 7020
7017 7020
7017 7034
7017 7035
7020 7034
7020 7035
7034 7035
7004 7020
7004 7034
7004 7035
7020 7034
7020 7035
7034 7035
7002 7004
7002 7020
7004 7020
7000 7004
7000 7008
7000 7020
7000 7036
7004 7008
7004 7020
7004 7036
7008 7020
7008 7036
7020 7036
7008 7020
7008 7036
7020 7036
7008 7020
7008 7035
7020 7035
7002 7036
7008 7020
7008 7020
7008 7022
7008 7036
7020 7022
7020 7036
7022 7036
7000 7004
7000 7009
7000 7016
7000 7017
7000 7020
7004 7009
7004 7016
7004 7017
7004 7020
7009 7016
7009 7017
7009 7020
7016 7017
7016 7020
7017 7020
7009 7016
7009 7020
7009 7034
7016 7020
7016 7034
7020 7034
7000 7009
7000 7016
7000 7017
7000 7020
7009 7016
7009 7017
7009 7020
7016 7017
7016 7020
7017 7020
7002 7035
7020 7035
7002 7035
7017 7020
7017 7036
7020 7036
7017 7036
7004 7008
7004 7022
7004 7036
7008 7022
7008 7036
7022 7036
7020 7034
7020 7034
7000 7020
7000 7034
7000 7035
7020 7034
7020 7035
7034 7035
7000 7002
7000 7035
7002 7035
7020 7034
7020 7036
7034 7036
7002 7004
7002 7035
7004 7035
7002 7004
7020 7034
7008 7020
7008 7022
7008 7036
7020 7022
7020 7036
7022 7036
7002 7020
7002 7034
7020 7034
7020 7034
7000 7020
7000 7034
7020 7034
7000 7020
7000 7035
7020 7035
7020 7034
7002 7020
7020 7034
7020 7035
7034 7035
7002 7020
7016 7020
7016 7036
7020 7034
7020 7036
7034 7036
7020 7034
7020 7036
7034 7036
7020 7034
7002 7036
7020 7034
7004 7016
7004 7022
7016 7022
7004 7020
7004 7034
7020 7034
7017 7020
7009 7017
7020 7034
7008 7016
7008 7020
7008 7036
7016 7020
7016 7036
7020 7036
7034 7036
7008 7009
7008 7020
7008 7022
7009 7020
7009 7022
7020 7022
7004 7009
7004 7034
7009 7034
7002 7025
7004 7034
7020 7034
7020 7025
7020 7034
7025 7034
7020 7034
7020 7034
7020 7034
7020 7034
7020 7034
7020 7034
7017 7020
7017 7020
7017 7020
7004 7020
7004 7034
7020 7034
7001 7020
7001 7020
7001 7020
7001 7020
7001 7020
7001 7020
7001 7020
7001 7020
7001 7020
7001 7020
7001 7020
7001 7020
7001 7013
7013 7020
7001 7020
7001 7020
7001 7020
7001 7020
7001 7020
7001 7020
7001 7020
7001 7020
7001 7020
7001 7002
7001 7020
7001 7025
7002 7020
7002 7025
7020 7025
7002 7020
7001 7020
7001 7020
7004 7020
7001 7020
7004 7020
7001 7020
7001 7020
7001 7002
7001 7004
7002 7004
7001 7020
7001 7004
7001 7020
7001 7020
7001 7020
7001 7020
7004 7020
7001 7020
7001 7020
7001 7020
7001 7020
7001 7020
7001 7020
7001 7020
7001 7020
7001 7020
7001 7020
7001 7020
7001 7004
7001 7020
7004 7020
7001 7020
7001 7020
7001 7020
7001 7020
7001 7004
7001 7020
7004 7020
7001 7020
7001 7020
7001 7020
7001 7020
7001 7020
7001 7020
7001 7020
7001 7020
7001 7020
7001 7020
7001 7020
7001 7020
7001 7020
7001 7020
7001 7020
7001 7029
7001 7029
7001 7020
7001 7029
7020 7029
7001 7020
7004 7020
7001 7020
7001 7020
7001 7020
7001 7031
7020 7031
7001 7020
7001 7030
7001 7030
7001 7030
7020 7030
7001 7020
7001 7030
7020 7030
7001 7020
7001 7030
7020 7030
7001 7020
7001 7020
7001 7020
7001 7030
7020 7030
7002 7013
7002 7020
7002 7035
7013 7020
7013 7035
7020 7035
7002 7013
7002 7020
7002 7033
7002 7035
7013 7020
7013 7033
7013 7035
7020 7033
7020 7035
7033 7035
7001 7020
7001 7020
7001 7002
7001 7030
7002 7030
7001 7020
7001 7020
7001 7020
7001 7020
7001 7030
7020 7030
7001 7030
7030 7033
7001 7020
7001 7030
7030 7032
7030 7032
7001 7002
7001 7020
7002 7020
7001 7020
7001 7020
7001 7020
7002 7020
7002 7022
7020 7022
7001 7003
7001 7020
7003 7020
7003 7020
7003 7022
7020 7022
7001 7020
7001 7022
7020 7022
7001 7003
7001 7022
7003 7022
7001 7003
7001 7020
7003 7020
7001 7020
7001 7003
7001 7020
7001 7022
7001 7030
7003 7020
7003 7022
7003 7030
7020 7022
7020 7030
7022 7030
7001 7003
7001 7022
7003 7022
7001 7003
7001 7020
7003 7020
7001 7003
7001 7020
7001 7022
7003 7020
7003 7022
7020 7022
7001 7003
7001 7020
7001 7022
7003 7020
7003 7022
7020 7022
7001 7003
7001 7020
7001 7022
7003 7020
7003 7022
7020 7022
7001 7020
7001 7022
7020 7022
7001 7020
7001 7022
7020 7022
7001 7022
7001 7020
7001 7022
7020 7022
7020 7022
7002 7020
7002 7022
7020 7022
7020 7022
7020 7022
7020 7022
7020 7022
7020 7022
7001 7020
7001 7020
7001 7003
7001 7020
7001 7022
7003 7020
7003 7022
7020 7022
7001 7020
7001 7020
7023 7034
7020 7023
7020 7023
7020 7034
7023 7034
7000 7020
7000 7023
7000 7034
7020 7023
7020 7034
7023 7034
7023 7034
7004 7023
7020 7034
7020 7023
7020 7034
7023 7034
7020 7023
7020 7034
7023 7034
7002 7020
7002 7023
7020 7023
7001 7004
7001 7017
7004 7017
7023 7034
7020 7034
7023 7034
7020 7034
7020 7034
7020 7034
7020 7034
7020 7034
7020 7034
7020 7034
7020 7034
7020 7034
7004 7020
7004 7023
7004 7034
7020 7023
7020 7034
7023 7034
7020 7023
7020 7034
7023 7034
7004 7020
7004 7023
7020 7023
7004 7023
7004 7034
7023 7034
7004 7034
7004 7020
7004 7034
7020 7034
7001 7004
7001 7020
7004 7020
7004 7023
7004 7034
7023 7034
7001 7004
7001 7020
7001 7034
7004 7020
7004 7034
7020 7034
7004 7020
7004 7034
7020 7034
7004 7020
7004 7020
7004 7020
7004 7034
7004 7020
7004 7034
7020 7034
7004 7020
7001 7004
7001 7004
7001 7020
7004 7020
7004 7020
7001 7004
7001 7020
7001 7034
7004 7020
7004 7034
7020 7034
7004 7020
7004 7020
7004 7020
7004 7034
7020 7034
7001 7004
7020 7023
7001 7020
7001 7020
7001 7021
7020 7021
7001 7020
7001 7020
7001 7020
7001 7020
7001 7020
7001 7020
7001 7020
7001 7020
7001 7020
7001 7020
7001 7020
7001 7020
7001 7020
7001 7020
7001 7020
7001 7020
7001 7020
7001 7020
7001 7020
7001 7020
7001 7020
7020 7024
7020 7024
7020 7024
7005 7020
7005 7024
7005 7020
7020 7024
7020 7030
7007 7014
7007 7014
7007 7020
7014 7020
7014 7020
7014 7020
7007 7014
7007 7020
7014 7020
7007 7014
7007 7020
7014 7020
7007 7020
7007 7020
7007 7020
7001 7007
7007 7020
7007 7020
7007 7020
7007 7014
7007 7020
7014 7020
7007 7020
7007 7020
7007 7020
7012 7020
7012 7020
7006 7007
7006 7012
7006 7020
7007 7012
7007 7020
7012 7020
7012 7020
7012 7020
7007 7012
7007 7014
7012 7014
7006 7007
7006 7012
7006 7020
7007 7012
7007 7020
7012 7020
7014 7020
7012 7020
7007 7012
7007 7020
7012 7020
7007 7014
7012 7014
7014 7020
7007 7012
7007 7020
7012 7020
7007 7014
7007 7014
7007 7014
7007 7020
7014 7020
7007 7014
7007 7020
7014 7020
7006 7012
7006 7014
7012 7014
7007 7012
7012 7014
7007 7012
7007 7014
7012 7014
7001 7007
7001 7012
7007 7012
7007 7012
7012 7020
7012 7020
7007 7012
7007 7020
7012 7020
7007 7012
7007 7020
7012 7020
7007 7012
7007 7020
7012 7020
7007 7014
7007 7012
7007 7020
7012 7020
7007 7012
7007 7020
7012 7020
7007 7012
7007 7014
7012 7014
7012 7020
7007 7014
7007 7012
7007 7014
7012 7014
7007 7012
7007 7014
7012 7014
7012 7014
7007 7012
7007 7014
7012 7014
7012 7020
7007 7012
7007 7014
7007 7020
7012 7014
7012 7020
7014 7020
7006 7007
7006 7012
7006 7020
7007 7012
7007 7020
7012 7020
7007 7012
7007 7020
7012 7020
7006 7012
7006 7020
7012 7020
7012 7014
7012 7020
7014 7020
7006 7007
7006 7012
7006 7020
7007 7012
7007 7020
7012 7020
7006 7012
7006 7020
7012 7020
7007 7012
7007 7020
7012 7020
7007 7012
7012 7020
7007 7012
7007 7012
7007 7020
7012 7020
7007 7020
7007 7012
7012 7020
7007 7012
7007 7020
7012 7020
7007 7012
7007 7020
7012 7020
7007 7012
7007 7020
7012 7020
7007 7012
7007 7020
7012 7020
7012 7020
7007 7012
7007 7020
7012 7020
7007 7012
7007 7020
7012 7020
7007 7012
7007 7020
7012 7020
7012 7020
7012 7020
7002 7007
7002 7012
7002 7020
7007 7012
7007 7020
7012 7020
7012 7020
7007 7012
7007 7020
7012 7020
7007 7012
7007 7020
7012 7020
7012 7020
7012 7020
7012 7020
7006 7007
7006 7012
7007 7012
7007 7012
7007 7020
7012 7020
7006 7014
7006 7014
7007 7012
7007 7020
7012 7020
7007 7012
7007 7020
7007 7012
7007 7020
7012 7020
7007 7020
7007 7020
7007 7020
7007 7020
7007 7020
7007 7020
7007 7020
7001 7020
7007 7020
7007 7020
7007 7011
7007 7020
7011 7020
7007 7012
7007 7020
7012 7020
7007 7011
7007 7012
7007 7020
7011 7012
7011 7020
7012 7020
7007 7020
7007 7020
7007 7020
7007 7020
7007 7020
7007 7020
7007 7020
7011 7020
7007 7018
7007 7018
7007 7020
7018 7020
7011 7018
7011 7020
7018 7020
7007 7011
7007 7018
7011 7018
7011 7012
7011 7018
7011 7020
7012 7018
7012 7020
7018 7020
7011 7018
7011 7018
7011 7018
7011 7019
7018 7019
7007 7018
7007 7019
7018 7019
7007 7020
7007 7020
7006 7007
7006 7007
7006 7007
7006 7018
7007 7018
7007 7011
7007 7018
7011 7018
7007 7019
7007 7020
7019 7020
7006 7018
7006 7019
7018 7019
7006 7007
7006 7011
7006 7018
7006 7019
7006 7020
7007 7011
7007 7018
7007 7019
7007 7020
7011 7018
7011 7019
7011 7020
7018 7019
7018 7020
7019 7020
7007 7011
7007 7018
7007 7020
7011 7018
7011 7020
7018 7020
7007 7020
7007 7020
7006 7018
7006 7019
7018 7019
7006 7007
7006 7012
7006 7018
7006 7019
7006 7020
7007 7012
7007 7018
7007 7019
7007 7020
7012 7018
7012 7019
7012 7020
7018 7019
7018 7020
7019 7020
7006 7011
7006 7018
7011 7018
7006 7011
7006 7019
7011 7019
7006 7007
7006 7018
7006 7020
7007 7018
7007 7020
7018 7020
7007 7019
7007 7020
7019 7020
7006 7018
7006 7019
7018 7019
7006 7018
7006 7019
7018 7019
7006 7019
7006 7018
7007 7020
7007 7020
7007 7020
7006 7018
7006 7018
7006 7018
7006 7018
7006 7018
7007 7020
7006 7007
7006 7007
7006 7018
7006 7020
7007 7018
7007 7020
7018 7020
7007 7020
7006 7018
7006 7011
7006 7018
7006 7019
7011 7018
7011 7019
7018 7019
7011 7012
7011 7018
7011 7019
7012 7018
7012 7019
7018 7019
7006 7018
7006 7007
7006 7018
7007 7018
7006 7007
7006 7018
7007 7018
7006 7007
7006 7012
7006 7018
7006 7020
7007 7012
7007 7018
7007 7020
7012 7018
7012 7020
7018 7020
7006 7007
7006 7018
7006 7007
7012 7018
7006 7007
7006 7018
7006 7020
7007 7018
7007 7020
7018 7020
7006 7007
7006 7020
7006 7020
7006 7020
7006 7018
7006 7007
7006 7018
7007 7018
7006 7018
7006 7020
7018 7020
7006 7018
7006 7020
7018 7020
7018 7020
7007 7018
7006 7007
7006 7018
7006 7020
7007 7018
7007 7020
7018 7020
7007 7018
7007 7020
7018 7020
7007 7018
7007 7018
7007 7018
7007 7018
7007 7018
7007 7020
7018 7020
7007 7018
7007 7020
7018 7020
7018 7020
7018 7020
7007 7018
7007 7018
7007 7018
7007 7018
7007 7018
7007 7018
7007 7020
7018 7020
7007 7020
7007 7020
7007 7020
7007 7018
7007 7020
7018 7020
7007 7020
7007 7018
7007 7012
7007 7018
7007 7020
7012 7018
7012 7020
7018 7020
7007 7020
7012 7020
7001 7020
7007 7018
7012 7020
7007 7020
7007 7018
7011 7020
7007 7020
7007 7018
7007 7020
7018 7020
7018 7020
7007 7018
7007 7020
7018 7020
7007 7018
7007 7020
7018 7020
7006 7007
7018 7020
7007 7020
7007 7012
7007 7018
7001 7020
7007 7020
7011 7019
7011 7020
7019 7020
7007 7018
7007 7020
7018 7020
7018 7020
7018 7020
7007 7020
7007 7020
7018 7020
7007 7020
7007 7018
7007 7020
7018 7020
7007 7020
7007 7018
7007 7020
7018 7020
7007 7020
7007 7020
7012 7020
7007 7018
7007 7020
7018 7020
7007 7018
7007 7020
7018 7020
7006 7007
7006 7018
7006 7020
7007 7018
7007 7020
7018 7020
7007 7018
7007 7020
7007 7035
7018 7020
7018 7035
7020 7035
7018 7020
7018 7020
7018 7022
7020 7022
7007 7018
7007 7020
7018 7020
7007 7020
7007 7018
7007 7020
7007 7018
7007 7020
7018 7020
7007 7018
7007 7020
7018 7020
7018 7020
7018 7020
7018 7020
7018 7020
7007 7018
7007 7020
7018 7020
7007 7018
7007 7020
7018 7020
7007 7020
7007 7018
7007 7020
7018 7020
7018 7020
7002 7004
7002 7018
7002 7020
7002 7030
7004 7018
7004 7020
7004 7030
7018 7020
7018 7030
7020 7030
7007 7018
7007 7020
7018 7020
7007 7020
7002 7004
7002 7018
7002 7020
7004 7018
7004 7020
7018 7020
7007 7018
7007 7018
7007 7020
7018 7020
7018 7020
7007 7018
7007 7020
7018 7020
7006 7007
7006 7020
7007 7020
7007 7020
7007 7020
7007 7020
7002 7034
7020 7023
7020 7034
7023 7034
7007 7020
7007 7018
7007 7020
7018 7020
7018 7020
7018 7020
7007 7011
7007 7018
7007 7019
7007 7020
7011 7018
7011 7019
7011 7020
7018 7019
7018 7020
7019 7020
7007 7018
7006 7012
7006 7018
7006 7020
7012 7018
7012 7020
7018 7020
7007 7019
7007 7020
7019 7020
7018 7020
7007 7018
7007 7020
7018 7020
7018 7020
7018 7020
7007 7020
7018 7020
7002 7004
7002 7018
7002 7020
7004 7018
7004 7020
7018 7020
7004 7018
7004 7020
7004 7036
7018 7020
7018 7036
7020 7036
7007 7018
7007 7020
7018 7020
7007 7020
7006 7018
7007 7020
7018 7020
7007 7018
7007 7020
7018 7020
7018 7020
7018 7020
7006 7007
7006 7018
7007 7018
7007 7018
7007 7020
7018 7020
7018 7020
7018 7020
7012 7018
7012 7020
7018 7020
7007 7011
7007 7019
7007 7020
7011 7019
7011 7020
7019 7020
7007 7018
7007 7020
7018 7020
7007 7018
7007 7020
7018 7020
7018 7020
7007 7020
7007 7020
7007 7020
7018 7020
7001 7020
7007 7020
7007 7018
7007 7020
7018 7020
7007 7018
7007 7020
7018 7020
7012 7020
7018 7020
7007 7018
7007 7020
7007 7020
7007 7018
7007 7020
7018 7020
7007 7014
7007 7014
7007 7020
7007 7034
7020 7034
7006 7007
7006 7014
7007 7014
7007 7014
7007 7014
7007 7014
7007 7018
7014 7018
7007 7014
7007 7018
7014 7018
7007 7014
7007 7018
7014 7018
7007 7014
7007 7014
7007 7018
7007 7020
7014 7018
7014 7020
7018 7020
7007 7014
7007 7014
7007 7014
7007 7014
7007 7014
7007 7020
7014 7020
7007 7014
7007 7020
7014 7020
7007 7014
7007 7020
7014 7020
7014 7020
7014 7020
7014 7020
7014 7020
7007 7014
7007 7020
7014 7020
7007 7014
7007 7020
7014 7020
7007 7014
7007 7020
7014 7020
7007 7014
7007 7020
7014 7020
7007 7014
7014 7020
7007 7014
7007 7020
7014 7020
7007 7018
7007 7020
7018 7020
7012 7020
7007 7014
7007 7018
7014 7018
7020 7023
7020 7034
7020 7034
7020 7034
7020 7034
7000 7008
7000 7009
7000 7016
7000 7020
7000 7022
7000 7036
7008 7009
7008 7016
7008 7020
7008 7022
7008 7036
7009 7016
7009 7020
7009 7022
7009 7036
7016 7020
7016 7022
7016 7036
7020 7022
7020 7036
7022 7036
7002 7017
7002 7020
7017 7020
7013 7020
7002 7004
7002 7035
7004 7035
7002 7020
7013 7020
7002 7020
7002 7020
7000 7004
7000 7017
7004 7017
7013 7020
7002 7036
7002 7013
7001 7020
7002 7013
7002 7013
7002 7020
7013 7020
7002 7013
7002 7013
7002 7013
7000 7002
7000 7004
7000 7013
7000 7017
7000 7036
7002 7004
7002 7013
7002 7017
7002 7036
7004 7013
7004 7017
7004 7036
7013 7017
7013 7036
7017 7036
7004 7013
7002 7004
7002 7013
7004 7013
7002 7013
7002 7004
7002 7036
7004 7036
7000 7002
7000 7013
7000 7036
7002 7013
7002 7036
7013 7036
7002 7004
7002 7009
7002 7013
7002 7017
7004 7009
7004 7013
7004 7017
7009 7013
7009 7017
7013 7017
7002 7004
7000 7002
7000 7008
7000 7013
7000 7017
7000 7036
7002 7008
7002 7013
7002 7017
7002 7036
7008 7013
7008 7017
7008 7036
7013 7017
7013 7036
7017 7036
7002 7013
7002 7020
7011 7018
7008 7009
7008 7013
7008 7016
7009 7013
7009 7016
7013 7016
7020 7033
7002 7008
7002 7009
7002 7013
7002 7020
7008 7009
7008 7013
7008 7020
7009 7013
7009 7020
7013 7020
7002 7013
7034 7035
7002 7013
7002 7033
7002 7034
7002 7035
7013 7033
7013 7034
7013 7035
7033 7034
7033 7035
7034 7035
7002 7004
7002 7008
7002 7013
7002 7036
7004 7008
7004 7013
7004 7036
7008 7013
7008 7036
7013 7036
7002 7013
7002 7013
7002 7020
7013 7020
7013 7020
7002 7013
7002 7020
7013 7020
7013 7020
7013 7023
7013 7034
7020 7023
7020 7034
7023 7034
7013 7020
7013 7020
7013 7020
7001 7020
7013 7020
7013 7035
7020 7035
7013 7020
7001 7013
7001 7020
7001 7033
7013 7020
7013 7033
7020 7033
7001 7013
7001 7033
7013 7033
7001 7002
7001 7020
7002 7020
7013 7020
7013 7020
7013 7033
7020 7033
7002 7013
7002 7020
7013 7020
7013 7020
7013 7020
7002 7013
7002 7035
7013 7035
7013 7020
7013 7035
7020 7035
7002 7013
7002 7020
7002 7035
7013 7020
7013 7035
7020 7035
7002 7013
7002 7020
7002 7035
7013 7020
7013 7035
7020 7035
7013 7020
7002 7004
7002 7013
7002 7020
7004 7013
7004 7020
7013 7020
7013 7020
7004 7013
7002 7013
7020 7034
7004 7020
7004 7030
7020 7030
7004 7017
7004 7020
7017 7020
7001 7003
7001 7022
7003 7022
7020 7023
7020 7034
7023 7034
7004 7020
7004 7023
7004 7034
7020 7023
7020 7034
7023 7034
7023 7034
7023 7034
7020 7023
7023 7034
7004 7020
7016 7020
7016 7020
7016 7020
7016 7020
7016 7034
7020 7034
7004 7020
7004 7034
7020 7034
7004 7016
7004 7020
7004 7034
7016 7020
7016 7034
7020 7034
7004 7020
7004 7034
7020 7034
7004 7020
7016 7034
7016 7020
7016 7034
7020 7034
7004 7013
7004 7020
7004 7034
7013 7020
7013 7034
7020 7034
7020 7023
7020 7034
7023 7034
7004 7034
7004 7020
7004 7034
7020 7034
7004 7013
7004 7020
7013 7020
7002 7004
7002 7013
7002 7016
7002 7020
7004 7013
7004 7016
7004 7020
7013 7016
7013 7020
7016 7020
7004 7020
7004 7034
7020 7034
7016 7020
7016 7034
7020 7034
7020 7034
7020 7034
7002 7016
7002 7020
7002 7034
7016 7020
7016 7034
7020 7034
7020 7034
7016 7020
7016 7034
7020 7034
7016 7034
7016 7034
7004 7034
7004 7034
7004 7023
7004 7034
7023 7034
7016 7034
7016 7034
7016 7034
7016 7034
7016 7020
7016 7034
7020 7034
7016 7034
7016 7034
7016 7034
7004 7016
7004 7016
7016 7034
7016 7020
7016 7025
7016 7034
7020 7025
7020 7034
7025 7034
7016 7034
7016 7025
7016 7025
7025 7034
7025 7034
7020 7025
7020 7034
7025 7034
7016 7025
7016 7034
7025 7034
7025 7034
7020 7034
7020 7025
7020 7034
7025 7034
7016 7025
7016 7034
7025 7034
7004 7034
7025 7034
7025 7034
7025 7034
7004 7034
7004 7016
7004 7020
7004 7025
7004 7034
7016 7020
7016 7025
7016 7034
7020 7025
7020 7034
7025 7034
7004 7016
7004 7034
7016 7034
7004 7034
7004 7034
7004 7023
7020 7034
7020 7035
7034 7035
7002 7004
7013 7035
7004 7034
7004 7034
7002 7004
7004 7034
7004 7020
7004 7034
7020 7034
7023 7034
7023 7034
7002 7034
7002 7034
7002 7034
7002 7004
7002 7034
7004 7034
7002 7016
7002 7034
7016 7034
7000 7002
7000 7004
7000 7008
7000 7016
7000 7034
7000 7036
7002 7004
7002 7008
7002 7016
7002 7034
7002 7036
7004 7008
7004 7016
7004 7034
7004 7036
7008 7016
7008 7034
7008 7036
7016 7034
7016 7036
7034 7036
7002 7034
7002 7013
7023 7034
7016 7034
7016 7034
7004 7016
7004 7034
7016 7034
7002 7004
7002 7034
7004 7034
7002 7034
7002 7034
7002 7025
7002 7034
7016 7025
7016 7034
7025 7034
7004 7034
7002 7004
7002 7034
7004 7034
7002 7004
7002 7034
7004 7034
7004 7023
7004 7034
7023 7034
7002 7004
7002 7016
7004 7016
7016 7034
7002 7004
7002 7016
7004 7016
7002 7004
7002 7004
7002 7004
7002 7004
7016 7034
7002 7004
7002 7016
7004 7016
7002 7035
7002 7016
7002 7023
7002 7034
7002 7035
7016 7023
7016 7034
7016 7035
7023 7034
7023 7035
7034 7035
7002 7004
7002 7034
7004 7034
7002 7013
7002 7034
7002 7036
7013 7034
7013 7036
7034 7036
7002 7034
7002 7036
7034 7036
7000 7002
7000 7008
7000 7009
7000 7016
7000 7017
7002 7008
7002 7009
7002 7016
7002 7017
7008 7009
7008 7016
7008 7017
7009 7016
7009 7017
7016 7017
7002 7016
7002 7034
7002 7036
7016 7034
7016 7036
7034 7036
7002 7016
7002 7034
7016 7034
7002 7016
7002 7034
7002 7016
7002 7034
7016 7034
7016 7034
7002 7034
7002 7016
7002 7034
7016 7034
7002 7016
7002 7034
7016 7034
7002 7016
7002 7016
7002 7034
7016 7034
7002 7016
7002 7034
7016 7034
7002 7016
7002 7034
7002 7016
7002 7034
7016 7034
7000 7002
7000 7004
7000 7008
7000 7016
7000 7036
7002 7004
7002 7008
7002 7016
7002 7036
7004 7008
7004 7016
7004 7036
7008 7016
7008 7036
7016 7036
7000 7008
7000 7009
7000 7017
7000 7036
7008 7009
7008 7017
7008 7036
7009 7017
7009 7036
7017 7036
7016 7034
7002 7004
7002 7035
7004 7035
7002 7016
7002 7034
7002 7035
7016 7034
7016 7035
7034 7035
7002 7004
7016 7034
7002 7016
7002 7036
7016 7036
7004 7016
7004 7035
7016 7035
7016 7034
7002 7004
7002 7035
7004 7035
7002 7004
7002 7034
7002 7004
7002 7033
7004 7033
7004 7034
7002 7004
7002 7013
7002 7004
7002 7004
7002 7004
7002 7013
7004 7013
7002 7016
7002 7004
7002 7025
7004 7025
7002 7004
7002 7016
7004 7016
7002 7004
7002 7004
7002 7004
7002 7004
7016 7023
7016 7034
7023 7034
7002 7004
7002 7023
7002 7034
7023 7034
7002 7004
7023 7034
7002 7004
7002 7004
7002 7004
7004 7034
7002 7004
7002 7034
7004 7034
7002 7034
7002 7016
7002 7034
7016 7034
7004 7016
7020 7034
7004 7016
7004 7034
7016 7034
7002 7004
7002 7034
7004 7034
7023 7034
7004 7023
7004 7023
7004 7034
7023 7034
7002 7004
7002 7034
7004 7034
7002 7023
7002 7004
7002 7004
7000 7004
7000 7017
7004 7017
7002 7004
7023 7034
7002 7023
7000 7002
7000 7004
7000 7017
7002 7004
7002 7017
7004 7017
7023 7034
7002 7004
7002 7034
7002 7004
7002 7034
7002 7035
7004 7034
7004 7035
7034 7035
7002 7004
7002 7023
7004 7023
7002 7004
7002 7016
7004 7016
7002 7034
7002 7004
7002 7016
7004 7016
7002 7004
7002 7016
7004 7016
7000 7002
7000 7004
7000 7016
7000 7017
7002 7004
7002 7016
7002 7017
7004 7016
7004 7017
7016 7017
7002 7016
7004 7034
7004 7023
7004 7034
7023 7034
7002 7004
7002 7016
7002 7023
7002 7034
7004 7016
7004 7023
7004 7034
7016 7023
7016 7034
7023 7034
7002 7016
7004 7016
7004 7016
7004 7034
7023 7034
7020 7034
7016 7020
7023 7034
7020 7035
7004 7020
7004 7034
7020 7034
7002 7004
7002 7020
7002 7034
7002 7035
7004 7020
7004 7034
7004 7035
7020 7034
7020 7035
7034 7035
7002 7020
7002 7034
7002 7035
7020 7034
7020 7035
7034 7035
7002 7020
7002 7035
7020 7035
7002 7020
7002 7020
7002 7034
7020 7034
7004 7020
7004 7034
7020 7034
7016 7034
7016 7020
7016 7034
7020 7034
7016 7020
7002 7020
7002 7034
7020 7034
7020 7023
7020 7034
7023 7034
7020 7034
7020 7023
7020 7034
7023 7034
7020 7023
7020 7023
7020 7023
7020 7034
7020 7034
7020 7023
7020 7034
7023 7034
7004 7020
7004 7034
7020 7034
7023 7034
7020 7023
7020 7034
7023 7034
7001 7020
7001 7034
7020 7034
7000 7008
7000 7009
7000 7017
7000 7036
7008 7009
7008 7017
7008 7036
7009 7017
7009 7036
7017 7036
7002 7020
7002 7036
7020 7036
7001 7034
7031 7034
7001 7020
7008 7017
7008 7020
7008 7036
7017 7020
7017 7036
7020 7036
7002 7013
7002 7035
7013 7035
7020 7036
7002 7020
7000 7009
7000 7020
7009 7020
7002 7020
7002 7020
7002 7020
7002 7028
7020 7028
7002 7020
7020 7034
7002 7013
7002 7020
7013 7020
7013 7020
7002 7035
7002 7035
7002 7013
7002 7035
7013 7035
7002 7035
7002 7020
7002 7035
7020 7035
7020 7035
7002 7035
7020 7035
7020 7035
7001 7020
7001 7035
7020 7035
7020 7035
7004 7020
7004 7034
7020 7034
7002 7004
7002 7020
7002 7028
7004 7020
7004 7028
7020 7028
7001 7030
7001 7033
7030 7033
7004 7030
7007 7014
7007 7018
7007 7020
7014 7018
7014 7020
7018 7020
7004 7017
7004 7020
7004 7030
7004 7036
7017 7020
7017 7030
7017 7036
7020 7030
7020 7036
7030 7036
7001 7020
7001 7023
7020 7023
7001 7023
7001 7034
7023 7034
