6008 6014
6008 6020
6014 6020
6014 6020
6014 6020
6018 6020
6008 6014
6008 6020
6014 6020
6001 6014
6001 6020
6014 6020
6001 6008
6001 6014
6001 6020
6008 6014
6008 6020
6014 6020
6014 6020
6001 6014
6001 6020
6014 6020
6014 6020
6014 6020
6001 6008
6001 6020
6008 6020
6001 6018
6001 6018
6001 6020
6018 6020
6001 6008
6018 6020
6018 6019
6018 6019
6009 6022
6014 6019
6014 6022
6019 6022
6006 6019
6006 6022
6006 6023
6019 6022
6019 6023
6022 6023
6018 6019
6018 6022
6019 6022
6006 6018
6006 6019
6006 6022
6018 6019
6018 6022
6019 6022
6006 6019
6006 6009
6006 6018
6006 6019
6006 6022
6009 6018
6009 6019
6009 6022
6018 6019
6018 6022
6019 6022
6006 6009
6006 6018
6006 6019
6006 6022
6009 6018
6009 6019
6009 6022
6018 6019
6018 6022
6019 6022
6006 6009
6006 6019
6009 6019
6009 6018
6009 6019
6009 6022
6018 6019
6018 6022
6019 6022
6006 6009
6006 6018
6006 6022
6006 6023
6009 6018
6009 6022
6009 6023
6018 6022
6018 6023
6022 6023
6018 6022
6006 6018
6014 6018
6014 6020
6018 6020
6006 6018
6006 6022
6018 6022
6018 6022
6006 6018
6006 6022
6001 6006
6001 6022
6006 6022
6001 6018
6001 6020
6018 6020
6001 6006
6001 6014
6001 6018
6006 6014
6006 6018
6014 6018
6006 6014
6001 6008
6001 6009
6001 6018
6001 6019
6001 6020
6001 6022
6008 6009
6008 6018
6008 6019
6008 6020
6008 6022
6009 6018
6009 6019
6009 6020
6009 6022
6018 6019
6018 6020
6018 6022
6019 6020
6019 6022
6020 6022
6001 6009
6001 6018
6001 6019
6001 6020
6009 6018
6009 6019
6009 6020
6018 6019
6018 6020
6019 6020
6006 6008
6006 6014
6006 6019
6006 6022
6008 6014
6008 6019
6008 6022
6014 6019
6014 6022
6019 6022
6001 6009
6001 6018
6001 6020
6009 6018
6009 6020
6018 6020
6001 6018
6001 6018
6018 6020
6009 6018
6009 6020
6018 6020
6009 6018
6009 6020
6018 6020
6009 6018
6009 6020
6018 6020
6001 6006
6001 6014
6001 6018
6001 6019
6001 6020
6006 6014
6006 6018
6006 6019
6006 6020
6014 6018
6014 6019
6014 6020
6018 6019
6018 6020
6019 6020
6001 6018
6001 6019
6001 6020
6018 6019
6018 6020
6019 6020
6001 6009
6001 6018
6009 6018
6009 6018
6001 6009
6018 6020
6001 6009
6001 6020
6009 6020
6018 6019
6018 6020
6019 6020
6009 6014
6009 6019
6009 6020
6014 6019
6014 6020
6019 6020
6006 6014
6006 6020
6008 6020
6008 6022
6020 6022
6006 6008
6006 6022
6008 6022
6008 6009
6008 6022
6009 6022
6001 6008
6001 6020
6008 6020
6001 6009
6001 6018
6001 6020
6009 6018
6009 6020
6018 6020
6006 6012
6010 6012
6010 6013
6012 6013
6010 6013
6010 6014
6010 6019
6013 6014
6013 6019
6014 6019
6006 6013
6006 6010
6006 6013
6010 6013
6008 6009
6008 6010
6008 6018
6008 6019
6008 6020
6008 6022
6009 6010
6009 6018
6009 6019
6009 6020
6009 6022
6010 6018
6010 6019
6010 6020
6010 6022
6018 6019
6018 6020
6018 6022
6019 6020
6019 6022
6020 6022
6019 6022
6010 6017
6001 6010
6001 6017
6010 6017
6001 6020
6001 6020
6008 6020
6001 6020
6008 6020
6001 6008
6001 6018
6001 6020
6018 6020
6018 6019
6018 6020
6019 6020
6006 6022
6006 6022
6001 6008
6001 6014
6001 6020
6008 6014
6008 6020
6014 6020
6008 6014
6008 6020
6008 6022
6014 6020
6014 6022
6020 6022
6001 6006
6001 6008
6001 6014
6001 6018
6001 6019
6001 6020
6006 6008
6006 6014
6006 6018
6006 6019
6006 6020
6008 6014
6008 6018
6008 6019
6008 6020
6014 6018
6014 6019
6014 6020
6018 6019
6018 6020
6019 6020
6001 6006
6001 6010
6001 6018
6001 6020
6006 6010
6006 6018
6006 6020
6010 6018
6010 6020
6018 6020
6008 6014
6008 6020
6014 6020
6006 6010
6006 6019
6010 6019
6000 6021
6000 6021
6000 6021
6008 6014
6008 6020
6014 6020
6011 6018
6011 6019
6018 6019
6010 6020
6008 6014
6008 6020
6014 6020
6008 6010
6000 6010
6000 6020
6010 6020
6010 6014
6006 6010
6006 6011
6006 6012
6010 6011
6010 6012
6011 6012
6000 6010
6000 6011
6010 6011
6000 6010
6010 6020
6010 6018
6010 6020
6018 6020
6018 6020
6001 6008
6001 6020
6008 6020
6006 6010
6001 6011
6001 6014
6011 6014
6010 6011
6010 6012
6011 6012
6006 6022
6006 6010
6006 6019
6010 6019
6000 6006
6006 6022
6011 6021
6011 6021
6011 6021
6001 6011
6001 6020
6001 6021
6011 6020
6011 6021
6020 6021
6010 6011
6010 6011
6010 6011
6010 6020
6001 6010
6001 6020
6010 6020
6010 6013
6010 6013
6010 6012
6013 6015
6013 6015
6015 6016
6013 6015
6013 6015
6012 6015
6012 6015
6010 6015
6013 6015
6013 6015
6012 6015
6012 6016
6015 6016
6013 6015
6012 6015
6012 6015
6010 6015
6010 6011
6010 6011
6010 6015
6011 6015
6001 6010
6011 6016
6013 6015
6010 6011
6010 6011
6010 6020
6011 6020
6010 6011
6011 6015
6015 6016
6000 6011
6004 6010
6004 6010
6010 6013
6010 6016
6013 6016
6004 6010
6004 6015
6010 6015
6004 6011
6004 6015
6004 6019
6015 6019
6004 6010
6004 6011
6004 6015
6010 6011
6010 6015
6011 6015
6004 6010
6004 6010
6004 6009
6004 6010
6004 6019
6004 6020
6009 6010
6009 6019
6009 6020
6010 6019
6010 6020
6019 6020
6004 6008
6004 6010
6004 6020
6008 6010
6008 6020
6010 6020
6004 6020
6000 6010
6000 6011
6010 6011
6011 6020
6004 6010
6004 6011
6004 6020
6010 6011
6010 6020
6011 6020
6011 6015
6004 6010
6001 6020
6001 6008
6001 6020
6008 6020
6004 6011
6004 6011
6004 6020
6011 6020
6011 6015
6004 6011
6004 6020
6011 6020
6004 6015
6004 6017
6015 6017
6010 6015
6001 6011
6004 6014
6001 6011
6001 6018
6011 6018
6006 6020
6006 6019
6010 6020
6010 6022
6020 6022
6008 6010
6008 6014
6008 6020
6010 6014
6010 6020
6014 6020
6011 6021
6001 6011
6010 6020
6010 6020
6001 6018
6008 6014
6008 6017
6008 6020
6014 6017
6014 6020
6017 6020
6000 6001
6000 6006
6000 6011
6000 6018
6000 6019
6000 6020
6000 6021
6001 6006
6001 6011
6001 6018
6001 6019
6001 6020
6001 6021
6006 6011
6006 6018
6006 6019
6006 6020
6006 6021
6011 6018
6011 6019
6011 6020
6011 6021
6018 6019
6018 6020
6018 6021
6019 6020
6019 6021
6020 6021
6014 6019
6014 6022
6019 6022
6001 6004
6001 6006
6004 6006
6004 6015
6000 6010
6000 6011
6010 6011
6000 6001
6000 6009
6000 6011
6001 6009
6001 6011
6009 6011
6000 6011
6000 6011
6011 6015
6000 6011
6000 6012
6011 6012
6000 6011
6000 6017
6011 6017
6000 6011
6000 6017
6011 6017
6011 6017
6000 6004
6000 6017
6004 6017
6000 6017
6000 6004
6000 6017
6004 6017
6000 6004
6000 6011
6000 6017
6004 6011
6004 6017
6011 6017
6004 6010
6004 6011
6004 6017
6004 6021
6010 6011
6010 6017
6010 6021
6011 6017
6011 6021
6017 6021
6004 6011
6004 6017
6011 6017
6011 6017
6011 6021
6017 6021
6011 6017
6011 6017
6000 6011
6000 6017
6011 6017
6011 6017
6012 6017
6011 6015
6011 6017
6011 6021
6017 6021
6011 6017
6004 6011
6004 6017
6011 6017
6011 6021
6010 6011
6010 6011
6010 6011
6010 6015
6010 6019
6011 6015
6011 6019
6015 6019
6014 6019
6014 6020
6019 6020
6001 6019
6001 6020
6019 6020
6011 6019
6011 6020
6019 6020
6012 6013
6012 6015
6012 6016
6012 6019
6013 6015
6013 6016
6013 6019
6015 6016
6015 6019
6016 6019
6004 6010
6004 6015
6010 6015
6015 6019
6014 6019
6001 6014
6001 6018
6001 6019
6001 6020
6014 6018
6014 6019
6014 6020
6018 6019
6018 6020
6019 6020
6011 6018
6011 6019
6018 6019
6001 6011
6001 6014
6001 6021
6011 6014
6011 6021
6014 6021
6019 6020
6011 6018
6011 6020
6011 6021
6018 6020
6018 6021
6020 6021
6018 6021
6018 6020
6018 6021
6020 6021
6008 6018
6010 6018
6018 6020
6010 6020
6001 6010
6001 6011
6001 6018
6001 6020
6010 6011
6010 6018
6010 6020
6011 6018
6011 6020
6018 6020
6011 6017
6006 6011
6006 6017
6011 6017
6006 6008
6006 6020
6008 6020
6014 6019
6014 6024
6019 6024
6006 6024
6012 6024
6018 6020
6012 6015
6012 6017
6015 6017
6011 6021
6011 6022
6006 6012
6006 6015
6017 6018
6006 6014
6006 6019
6014 6019
6010 6011
6006 6011
6010 6011
6006 6010
6006 6010
6010 6012
6010 6014
6012 6014
6006 6012
6006 6013
6006 6024
6012 6013
6012 6024
6013 6024
6006 6011
6006 6019
6006 6012
6006 6010
6000 6001
6000 6006
6000 6010
6000 6011
6001 6006
6001 6010
6001 6011
6006 6010
6006 6011
6010 6011
6006 6021
6006 6011
6006 6014
6006 6021
6006 6022
6011 6014
6011 6021
6011 6022
6014 6021
6014 6022
6021 6022
6006 6011
6010 6011
6010 6021
6011 6021
6001 6011
6010 6020
6006 6010
6006 6020
6010 6020
6006 6010
6006 6010
6006 6014
6009 6018
6010 6015
6001 6018
6001 6019
6001 6020
6018 6019
6018 6020
6019 6020
6001 6010
6008 6009
6008 6022
6009 6022
6009 6010
6006 6010
6001 6018
6001 6020
6018 6020
6018 6020
6018 6020
6001 6020
6019 6020
6010 6022
6008 6010
6008 6014
6008 6020
6008 6022
6010 6014
6010 6020
6010 6022
6014 6020
6014 6022
6020 6022
6010 6019
6001 6009
6015 6019
6001 6018
6001 6020
6018 6020
6018 6019
6018 6020
6019 6020
6001 6018
6001 6020
6018 6020
6001 6006
6001 6014
6001 6020
6006 6014
6006 6020
6014 6020
6001 6010
6001 6017
6001 6020
6010 6017
6010 6020
6017 6020
6001 6020
6006 6015
6006 6017
6006 6022
6015 6017
6015 6022
6017 6022
6001 6017
6017 6020
6006 6010
6006 6019
6010 6019
6001 6010
6004 6007
6004 6011
6004 6017
6007 6011
6007 6017
6011 6017
6011 6017
6004 6011
6004 6017
6011 6017
6007 6017
6007 6017
6011 6017
6001 6011
6001 6017
6011 6017
6011 6017
6011 6012
6011 6017
6011 6024
6012 6017
6012 6024
6017 6024
6012 6024
6011 6017
6011 6017
6007 6024
6007 6017
6007 6024
6017 6024
6011 6017
6007 6017
6013 6024
6012 6013
6012 6024
6013 6024
6012 6013
6012 6024
6013 6024
6013 6024
6007 6013
6011 6017
6011 6012
6011 6017
6012 6017
6007 6012
6007 6024
6012 6024
6007 6017
6012 6013
6012 6013
6012 6024
6013 6024
6012 6013
6012 6024
6013 6024
6012 6013
6012 6024
6013 6024
6013 6024
6013 6024
6012 6013
6012 6024
6013 6024
6007 6012
6007 6013
6012 6013
6007 6012
6007 6012
6007 6015
6012 6015
6007 6012
6007 6015
6012 6015
6007 6012
6007 6013
6012 6013
6012 6013
6013 6024
6012 6013
6012 6013
6012 6013
6012 6024
6013 6024
6012 6013
6012 6024
6013 6024
6012 6013
6012 6024
6012 6013
6012 6024
6013 6024
6012 6017
6012 6024
6017 6024
6017 6024
6007 6017
6017 6024
6007 6017
6017 6024
6007 6017
6007 6024
6017 6024
6017 6024
6017 6024
6017 6024
6007 6017
6007 6024
6017 6024
6017 6024
6007 6017
6007 6024
6017 6024
6017 6024
6012 6017
6012 6024
6017 6024
6012 6017
6012 6024
6017 6024
6012 6013
6012 6024
6013 6024
6011 6012
6012 6017
6011 6012
6011 6017
6012 6017
6012 6017
6012 6017
6011 6012
6011 6017
6012 6017
6012 6017
6011 6012
6011 6017
6012 6017
6011 6017
6011 6017
6011 6017
6011 6017
6011 6017
6011 6017
6011 6017
6011 6017
6011 6012
6011 6017
6012 6017
6006 6010
6006 6011
6010 6011
6011 6017
6007 6011
6007 6017
6011 6017
6011 6017
6011 6017
6011 6017
6011 6017
6011 6017
6011 6017
6011 6017
6011 6017
6001 6010
6001 6017
6010 6017
6010 6017
6008 6010
6008 6022
6010 6022
6010 6011
6010 6017
6011 6017
6010 6011
6010 6017
6011 6017
6010 6017
6010 6020
6017 6020
6004 6010
6004 6011
6004 6017
6010 6011
6010 6017
6011 6017
6010 6017
6006 6010
6006 6019
6010 6019
6010 6017
6010 6011
6010 6017
6011 6017
6010 6017
6011 6017
6011 6017
6011 6017
6011 6017
6011 6017
6011 6017
6011 6017
6011 6017
6011 6017
6011 6012
6011 6017
6012 6017
6012 6017
6012 6017
6007 6017
6007 6012
6007 6017
6012 6017
6011 6012
6011 6017
6012 6017
6011 6017
6007 6017
6011 6012
6011 6017
6012 6017
6012 6017
6012 6015
6012 6017
6015 6017
6012 6015
6012 6017
6015 6017
6012 6017
6012 6017
6012 6017
6012 6017
6012 6017
6012 6017
6012 6017
6012 6017
6012 6017
6012 6017
6012 6017
6011 6012
6011 6017
6012 6017
6012 6017
6012 6015
6012 6015
6012 6017
6015 6017
6012 6015
6012 6017
6015 6017
6012 6017
6012 6017
6012 6017
6012 6015
6004 6017
6012 6015
6012 6017
6015 6017
6011 6017
6011 6017
6004 6006
6004 6010
6004 6019
6006 6010
6006 6019
6010 6019
6011 6017
