5007 5043
5000 5001
5000 5001
5000 5002
5001 5002
5000 5001
5000 5002
5000 5010
5002 5010
5000 5002
5003 5004
5002 5004
5002 5003
5002 5004
5003 5004
5002 5004
5002 5003
5002 5004
5003 5004
5002 5004
5001 5003
5001 5002
5001 5004
5002 5004
5002 5003
5002 5004
5003 5004
5001 5002
5001 5003
5001 5004
5002 5003
5002 5004
5003 5004
5002 5003
5002 5004
5003 5004
5000 5002
5000 5002
5002 5003
5002 5004
5003 5004
5002 5003
5002 5003
5002 5003
5001 5002
5002 5003
5000 5002
5000 5002
5000 5002
5002 5007
5000 5002
5000 5007
5002 5007
5000 5001
5000 5002
5000 5011
5001 5002
5001 5011
5002 5011
5000 5001
5000 5043
5001 5043
5000 5001
5000 5002
5001 5002
5000 5003
5000 5005
5000 5005
5000 5005
5000 5043
5005 5043
5000 5005
5000 5043
5005 5043
5002 5005
5002 5005
5002 5005
5000 5001
5000 5005
5001 5005
5000 5005
5000 5003
5000 5005
5000 5005
5000 5004
5000 5005
5004 5005
5000 5005
5000 5001
5000 5002
5000 5003
5000 5004
5000 5005
5001 5002
5001 5003
5001 5004
5001 5005
5002 5003
5002 5004
5002 5005
5003 5004
5003 5005
5004 5005
5000 5005
5000 5005
5000 5005
5000 5001
5000 5002
5000 5005
5001 5002
5001 5005
5002 5005
5000 5001
5000 5002
5000 5005
5000 5043
5001 5002
5001 5005
5001 5043
5002 5005
5002 5043
5005 5043
5000 5001
5000 5002
5000 5003
5000 5004
5000 5005
5001 5002
5001 5003
5001 5004
5001 5005
5002 5003
5002 5004
5002 5005
5003 5004
5003 5005
5004 5005
5001 5002
5001 5003
5002 5003
5005 5006
5005 5006
5000 5001
5000 5002
5000 5006
5001 5002
5001 5006
5002 5006
5001 5006
5001 5002
5001 5003
5001 5006
5002 5003
5002 5006
5003 5006
5005 5006
5005 5011
5006 5011
5000 5006
5000 5011
5006 5011
5006 5043
5006 5043
5000 5001
5000 5002
5000 5003
5000 5005
5000 5006
5000 5043
5001 5002
5001 5003
5001 5005
5001 5006
5001 5043
5002 5003
5002 5005
5002 5006
5002 5043
5003 5005
5003 5006
5003 5043
5005 5006
5005 5043
5006 5043
5007 5011
5007 5010
5007 5010
5007 5010
5007 5011
5010 5011
5007 5009
5007 5010
5007 5011
5009 5010
5009 5011
5010 5011
5007 5013
5007 5013
5008 5013
5007 5008
5009 5010
5009 5010
5009 5013
5008 5009
5008 5009
5008 5009
5008 5009
5007 5008
5007 5009
5007 5010
5007 5011
5007 5013
5008 5009
5008 5010
5008 5011
5008 5013
5009 5010
5009 5011
5009 5013
5010 5011
5010 5013
5011 5013
5008 5009
5008 5010
5008 5011
5008 5013
5009 5010
5009 5011
5009 5013
5010 5011
5010 5013
5011 5013
5007 5008
5007 5008
5007 5009
5007 5013
5008 5009
5008 5013
5009 5013
5007 5008
5007 5009
5008 5009
5009 5010
5009 5011
5009 5013
5010 5011
5010 5013
5011 5013
5007 5009
5007 5010
5007 5011
5010 5011
5007 5012
5007 5012
5007 5010
5007 5011
5010 5011
5007 5009
5007 5013
5009 5013
5007 5009
5007 5012
5007 5012
5006 5007
5005 5007
5007 5012
5007 5008
5014 5015
5014 5016
5015 5016
5007 5009
5007 5014
5007 5015
5007 5016
5009 5014
5009 5015
5009 5016
5014 5015
5014 5016
5015 5016
5014 5015
5014 5016
5015 5016
5007 5014
5007 5014
5007 5015
5007 5016
5014 5015
5014 5016
5015 5016
5007 5014
5007 5015
5014 5015
5007 5015
5007 5014
5007 5015
5007 5016
5014 5015
5014 5016
5015 5016
5007 5018
5006 5017
5006 5007
5000 5001
5000 5003
5000 5006
5001 5003
5001 5006
5003 5006
5003 5006
5003 5019
5006 5019
5005 5006
5003 5005
5003 5019
5005 5019
5003 5005
5005 5019
5003 5005
5005 5019
5000 5002
5000 5003
5000 5006
5002 5003
5002 5006
5003 5006
5005 5019
5005 5019
5005 5019
5005 5019
5000 5005
5000 5019
5005 5019
5005 5019
5005 5019
5005 5019
5005 5019
5005 5019
5005 5019
5005 5019
5005 5019
5005 5019
5005 5019
5005 5019
5005 5019
5005 5019
5005 5019
5000 5005
5000 5019
5005 5019
5003 5019
5000 5005
5000 5019
5005 5019
5000 5019
5019 5020
5005 5020
5000 5003
5000 5020
5003 5020
5000 5003
5002 5005
5002 5021
5005 5021
5000 5003
5000 5005
5000 5019
5003 5005
5003 5019
5005 5019
5000 5003
5000 5019
5003 5019
5000 5005
5000 5019
5005 5019
5000 5003
5000 5021
5003 5021
5000 5001
5000 5002
5000 5021
5001 5002
5001 5021
5002 5021
5001 5002
5001 5003
5002 5003
5001 5002
5001 5003
5002 5003
5000 5001
5000 5002
5000 5003
5001 5002
5001 5003
5002 5003
5000 5021
5000 5001
5000 5002
5000 5003
5001 5002
5001 5003
5002 5003
5000 5001
5000 5002
5000 5003
5001 5002
5001 5003
5002 5003
5001 5021
5001 5021
5001 5021
5000 5001
5000 5002
5000 5003
5000 5019
5000 5020
5001 5002
5001 5003
5001 5019
5001 5020
5002 5003
5002 5019
5002 5020
5003 5019
5003 5020
5019 5020
5001 5021
5001 5002
5001 5003
5001 5021
5002 5003
5002 5021
5003 5021
5003 5019
5003 5019
5003 5019
5003 5019
5000 5003
5000 5007
5000 5019
5003 5007
5003 5019
5007 5019
5000 5019
5000 5003
5000 5019
5003 5019
5000 5019
5003 5019
5000 5003
5000 5019
5003 5019
5000 5019
5000 5003
5000 5019
5003 5019
5000 5003
5000 5019
5003 5019
5003 5019
5000 5001
5000 5002
5000 5019
5001 5002
5001 5019
5002 5019
5000 5001
5000 5003
5000 5007
5001 5003
5001 5007
5003 5007
5003 5019
5003 5007
5003 5019
5007 5019
5000 5003
5000 5019
5003 5019
5000 5001
5000 5019
5001 5019
5000 5019
5019 5021
5019 5021
5019 5021
5019 5021
5003 5021
5000 5001
5000 5002
5000 5021
5001 5002
5001 5021
5002 5021
5001 5003
5001 5021
5003 5021
5001 5021
5000 5019
5000 5001
5001 5021
5001 5003
5001 5021
5003 5021
5001 5003
5001 5003
5001 5003
5001 5003
5001 5003
5001 5003
5001 5003
5001 5019
5003 5019
5003 5021
5001 5003
5001 5021
5003 5021
5001 5021
5001 5003
5001 5021
5003 5021
5003 5021
5003 5021
5001 5003
5001 5021
5003 5021
5001 5021
5001 5003
5001 5003
5001 5003
5003 5021
5001 5003
5003 5043
5003 5043
5023 5024
5001 5003
5001 5023
5003 5023
5003 5019
5003 5021
5019 5021
5003 5019
5003 5022
5003 5023
5003 5025
5003 5027
5019 5022
5019 5023
5019 5025
5019 5027
5022 5023
5022 5025
5022 5027
5023 5025
5023 5027
5025 5027
5019 5023
5000 5001
5000 5002
5000 5003
5000 5019
5000 5021
5001 5002
5001 5003
5001 5019
5001 5021
5002 5003
5002 5019
5002 5021
5003 5019
5003 5021
5019 5021
5001 5002
5000 5002
5000 5003
5000 5019
5000 5021
5002 5003
5002 5019
5002 5021
5003 5019
5003 5021
5019 5021
5001 5002
5001 5002
5001 5003
5002 5003
5000 5001
5000 5002
5000 5003
5001 5002
5001 5003
5002 5003
5000 5001
5000 5002
5000 5025
5000 5027
5001 5002
5001 5025
5001 5027
5002 5025
5002 5027
5025 5027
5000 5001
5000 5019
5001 5019
5001 5002
5001 5003
5002 5003
5003 5019
5003 5021
5019 5021
5001 5002
5001 5019
5001 5021
5002 5019
5002 5021
5019 5021
5001 5019
5001 5021
5019 5021
5019 5021
5019 5021
5001 5002
5019 5021
5019 5021
5019 5021
5019 5024
5019 5021
5019 5024
5021 5024
5021 5024
5000 5019
5021 5024
5021 5024
5021 5024
5019 5021
5019 5024
5021 5024
5021 5024
5021 5024
5021 5024
5021 5024
5000 5021
5000 5023
5000 5024
5000 5025
5000 5027
5021 5023
5021 5024
5021 5025
5021 5027
5023 5024
5023 5025
5023 5027
5024 5025
5024 5027
5025 5027
5021 5024
5021 5024
5003 5021
5003 5024
5021 5024
5021 5024
5019 5021
5019 5024
5021 5024
5021 5024
5019 5021
5023 5029
5023 5029
5023 5024
5023 5029
5024 5029
5024 5025
5025 5029
5024 5025
5023 5025
5023 5029
5025 5029
5019 5021
5019 5023
5019 5029
5021 5023
5021 5029
5023 5029
5023 5025
5023 5029
5025 5029
5025 5029
5025 5029
5025 5029
5025 5027
5025 5029
5027 5029
5025 5027
5025 5029
5027 5029
5007 5019
5007 5021
5019 5021
5019 5021
5019 5025
5019 5029
5021 5025
5021 5029
5025 5029
5019 5023
5021 5023
5021 5029
5023 5029
5019 5021
5019 5029
5021 5029
5021 5023
5021 5029
5023 5029
5021 5023
5021 5029
5023 5029
5000 5005
5000 5019
5000 5021
5000 5023
5005 5019
5005 5021
5005 5023
5019 5021
5019 5023
5021 5023
5000 5021
5000 5023
5000 5029
5021 5023
5021 5029
5023 5029
5003 5021
5003 5023
5003 5029
5021 5023
5021 5029
5023 5029
5021 5023
5021 5029
5023 5029
5021 5023
5021 5029
5023 5029
5000 5005
5000 5019
5000 5021
5000 5023
5005 5019
5005 5021
5005 5023
5019 5021
5019 5023
5021 5023
5023 5025
5023 5029
5025 5029
5021 5023
5021 5023
5021 5029
5023 5029
5021 5023
5021 5027
5023 5027
5021 5023
5021 5023
5021 5023
5019 5021
5019 5023
5021 5023
5019 5021
5019 5029
5021 5029
5003 5029
5021 5023
5021 5024
5021 5029
5023 5024
5023 5029
5024 5029
5003 5019
5003 5021
5003 5023
5003 5024
5019 5021
5019 5023
5019 5024
5021 5023
5021 5024
5023 5024
5021 5023
5021 5023
5003 5021
5003 5023
5003 5029
5021 5023
5021 5029
5023 5029
5003 5021
5003 5023
5003 5024
5003 5029
5021 5023
5021 5024
5021 5029
5023 5024
5023 5029
5024 5029
5021 5023
5021 5023
5021 5029
5023 5029
5019 5023
5019 5024
5019 5029
5023 5024
5023 5029
5024 5029
5024 5029
5025 5029
5019 5021
5019 5023
5019 5025
5019 5029
5021 5023
5021 5025
5021 5029
5023 5025
5023 5029
5025 5029
5000 5003
5000 5019
5000 5025
5000 5027
5000 5029
5003 5019
5003 5025
5003 5027
5003 5029
5019 5025
5019 5027
5019 5029
5025 5027
5025 5029
5027 5029
5025 5027
5025 5029
5027 5029
5023 5029
5023 5025
5023 5029
5025 5029
5025 5029
5025 5029
5029 5030
5029 5030
5029 5030
5025 5029
5025 5031
5029 5031
5025 5029
5025 5031
5029 5031
5023 5025
5023 5029
5025 5029
5023 5025
5023 5029
5025 5029
5025 5029
5025 5030
5025 5031
5029 5030
5029 5031
5030 5031
5025 5029
5025 5030
5029 5030
5025 5029
5025 5029
5025 5031
5029 5031
5029 5030
5029 5031
5030 5031
5025 5029
5025 5031
5029 5031
5025 5029
5025 5030
5025 5031
5029 5030
5029 5031
5030 5031
5025 5029
5025 5030
5029 5030
5025 5030
5025 5029
5025 5031
5029 5031
5029 5030
5025 5029
5025 5030
5029 5030
5025 5029
5025 5029
5025 5030
5025 5031
5029 5030
5029 5031
5030 5031
5021 5023
5021 5025
5021 5029
5021 5030
5023 5025
5023 5029
5023 5030
5025 5029
5025 5030
5029 5030
5021 5025
5021 5031
5025 5031
5021 5025
5021 5029
5021 5031
5025 5029
5025 5031
5029 5031
5000 5019
5000 5025
5000 5027
5000 5029
5000 5031
5019 5025
5019 5027
5019 5029
5019 5031
5025 5027
5025 5029
5025 5031
5027 5029
5027 5031
5029 5031
5021 5025
5021 5029
5025 5029
5025 5029
5025 5030
5029 5030
5000 5019
5000 5027
5000 5029
5019 5027
5019 5029
5027 5029
5025 5029
5025 5029
5021 5023
5021 5029
5021 5023
5000 5002
5000 5003
5000 5019
5000 5021
5000 5023
5000 5024
5000 5025
5000 5027
5000 5029
5002 5003
5002 5019
5002 5021
5002 5023
5002 5024
5002 5025
5002 5027
5002 5029
5003 5019
5003 5021
5003 5023
5003 5024
5003 5025
5003 5027
5003 5029
5019 5021
5019 5023
5019 5024
5019 5025
5019 5027
5019 5029
5021 5023
5021 5024
5021 5025
5021 5027
5021 5029
5023 5024
5023 5025
5023 5027
5023 5029
5024 5025
5024 5027
5024 5029
5025 5027
5025 5029
5027 5029
5025 5027
5025 5029
5027 5029
5025 5029
5025 5029
5025 5030
5029 5030
5025 5029
5021 5029
5021 5029
5025 5029
5025 5029
5021 5025
5021 5029
5025 5029
5021 5025
5021 5029
5025 5029
5021 5025
5021 5029
5025 5029
5025 5029
5021 5029
5021 5025
5021 5029
5025 5029
5025 5029
5021 5030
5021 5031
5030 5031
5021 5029
5021 5030
5029 5030
5025 5029
5025 5029
5021 5029
5025 5029
5025 5029
5021 5025
5021 5029
5025 5029
5000 5021
5000 5023
5000 5025
5021 5023
5021 5025
5023 5025
5025 5029
5025 5029
5025 5030
5029 5030
5025 5029
5025 5030
5025 5031
5029 5030
5029 5031
5030 5031
5029 5030
5021 5025
5021 5029
5021 5030
5021 5031
5025 5029
5025 5030
5025 5031
5029 5030
5029 5031
5030 5031
5029 5030
5029 5031
5030 5031
5025 5030
5025 5031
5025 5043
5030 5031
5030 5043
5031 5043
5025 5031
5019 5023
5000 5023
5000 5002
5000 5021
5000 5025
5000 5027
5000 5029
5000 5030
5000 5031
5002 5021
5002 5025
5002 5027
5002 5029
5002 5030
5002 5031
5021 5025
5021 5027
5021 5029
5021 5030
5021 5031
5025 5027
5025 5029
5025 5030
5025 5031
5027 5029
5027 5030
5027 5031
5029 5030
5029 5031
5030 5031
5019 5023
5019 5023
5019 5024
5023 5024
5019 5023
5019 5027
5023 5027
5007 5019
5007 5021
5007 5025
5007 5029
5019 5021
5019 5025
5019 5029
5021 5025
5021 5029
5025 5029
5027 5029
5001 5002
5001 5029
5002 5029
5002 5024
5019 5021
5019 5023
5019 5029
5021 5023
5021 5029
5023 5029
5000 5019
5019 5021
5019 5023
5019 5024
5019 5029
5021 5023
5021 5024
5021 5029
5023 5024
5023 5029
5024 5029
5000 5019
5000 5021
5000 5023
5000 5027
5019 5021
5019 5023
5019 5027
5021 5023
5021 5027
5023 5027
5023 5029
5023 5030
5029 5030
5021 5029
5000 5002
5000 5024
5000 5027
5000 5029
5000 5030
5002 5024
5002 5027
5002 5029
5002 5030
5024 5027
5024 5029
5024 5030
5027 5029
5027 5030
5029 5030
5019 5021
5019 5021
5019 5021
5019 5029
5021 5029
5021 5023
5021 5029
5023 5029
5019 5021
5019 5029
5021 5029
5002 5019
5002 5029
5019 5029
5019 5029
5019 5021
5003 5019
5003 5021
5003 5029
5019 5021
5019 5029
5021 5029
5003 5019
5003 5021
5003 5029
5019 5021
5019 5029
5021 5029
5021 5029
5019 5023
5019 5021
5019 5023
5021 5023
5019 5021
5019 5023
5021 5023
5019 5021
5019 5024
5019 5027
5019 5029
5021 5024
5021 5027
5021 5029
5024 5027
5024 5029
5027 5029
5002 5031
5002 5003
5002 5019
5002 5021
5002 5024
5003 5019
5003 5021
5003 5024
5019 5021
5019 5024
5021 5024
5003 5019
5003 5021
5003 5024
5003 5029
5019 5021
5019 5024
5019 5029
5021 5024
5021 5029
5024 5029
5003 5019
5003 5021
5019 5021
5000 5002
5000 5021
5000 5023
5000 5030
5002 5021
5002 5023
5002 5030
5021 5023
5021 5030
5023 5030
5019 5021
5003 5019
5003 5021
5019 5021
5003 5019
5003 5021
5003 5029
5019 5021
5019 5029
5021 5029
5019 5021
5019 5021
5019 5021
5003 5021
5003 5021
5019 5021
5000 5002
5000 5023
5000 5027
5000 5029
5000 5030
5000 5031
5002 5023
5002 5027
5002 5029
5002 5030
5002 5031
5023 5027
5023 5029
5023 5030
5023 5031
5027 5029
5027 5030
5027 5031
5029 5030
5029 5031
5030 5031
5021 5029
5023 5024
5023 5029
5024 5029
5021 5024
5021 5029
5024 5029
5021 5024
5021 5029
5024 5029
5000 5001
5000 5002
5001 5002
5000 5019
5000 5019
5000 5029
5000 5031
5019 5029
5019 5031
5029 5031
5021 5023
5021 5029
5021 5030
5023 5029
5023 5030
5029 5030
5019 5029
5019 5031
5029 5031
5019 5021
5019 5029
5021 5029
5021 5029
5021 5029
5021 5029
5020 5021
5020 5029
5021 5029
5001 5002
5001 5021
5002 5021
5001 5021
5001 5002
5001 5021
5002 5021
5001 5002
5001 5021
5002 5021
5001 5002
5001 5002
5001 5002
5001 5002
5001 5002
5001 5002
5001 5021
5002 5021
5001 5002
5001 5021
5002 5021
5001 5002
5001 5003
5001 5019
5001 5021
5002 5003
5002 5019
5002 5021
5003 5019
5003 5021
5019 5021
5001 5002
5001 5021
5002 5021
5001 5002
5001 5002
5001 5029
5001 5002
5001 5021
5001 5029
5002 5021
5002 5029
5021 5029
5021 5029
5001 5023
5001 5028
5001 5029
5023 5028
5023 5029
5028 5029
5021 5028
5021 5029
5028 5029
5021 5029
5021 5029
5021 5029
5021 5029
5021 5029
5021 5029
5021 5029
5021 5023
5021 5029
5023 5029
5021 5035
5021 5036
5035 5036
5021 5032
5021 5035
5021 5036
5035 5036
5021 5035
5021 5032
5021 5034
5021 5035
5032 5034
5032 5035
5034 5035
5021 5032
5021 5034
5021 5035
5032 5034
5032 5035
5034 5035
5032 5034
5021 5035
5021 5032
5021 5035
5032 5035
5021 5035
5021 5036
5035 5036
5021 5033
5032 5033
5032 5033
5032 5033
5021 5035
5021 5038
5021 5038
5021 5038
5021 5038
5021 5038
5021 5038
5021 5038
5021 5038
5021 5039
5021 5039
5021 5039
5021 5043
5021 5040
5021 5029
5021 5040
5021 5040
5021 5040
5021 5042
5021 5042
5021 5042
5021 5034
5021 5032
5021 5042
5032 5042
5021 5032
5021 5042
5032 5042
5021 5042
5021 5043
5042 5043
5021 5043
5021 5043
5021 5042
5021 5032
5021 5042
5021 5034
5021 5034
5032 5033
5021 5032
5021 5032
5021 5042
5032 5042
5021 5034
5021 5034
5021 5034
5021 5041
5032 5033
5032 5034
5033 5034
5021 5034
5021 5042
5002 5004
5021 5029
5021 5029
5004 5021
5021 5046
5043 5044
5043 5045
5043 5046
5043 5047
5044 5045
5044 5046
5044 5047
5045 5046
5045 5047
5046 5047
5004 5021
5044 5045
5044 5047
5045 5047
5044 5047
5004 5047
5021 5044
5021 5046
5044 5046
5021 5046
5044 5045
5044 5045
5044 5047
5045 5047
5044 5045
5044 5045
5044 5047
5045 5047
5004 5047
5044 5045
5021 5044
5044 5045
5044 5045
5021 5046
5044 5045
5004 5049
5021 5047
5021 5049
5047 5049
5049 5050
5049 5050
5049 5050
5021 5050
5049 5050
5044 5049
5049 5050
5044 5050
5044 5045
5044 5049
5044 5050
5045 5049
5045 5050
5049 5050
5044 5049
5044 5050
5049 5050
5049 5050
5021 5050
5021 5050
5049 5050
5021 5049
5021 5050
5049 5050
5049 5050
5021 5049
5021 5050
5049 5050
5049 5050
5021 5049
5021 5049
5021 5049
5021 5049
5021 5029
5021 5049
5029 5049
5021 5049
5021 5029
5021 5049
5029 5049
5021 5029
5021 5049
5029 5049
5021 5049
5029 5049
5021 5049
5021 5049
5021 5049
5021 5049
5021 5049
5021 5043
5021 5043
5021 5049
5043 5049
5043 5049
5043 5049
5043 5049
5043 5053
5049 5053
5049 5053
5049 5053
5021 5029
5021 5053
5029 5053
5049 5053
5049 5053
5049 5053
5049 5053
5049 5053
5049 5053
5021 5049
5021 5053
5049 5053
5049 5053
5049 5053
5021 5049
5021 5053
5049 5053
5049 5053
5049 5053
5049 5053
5049 5053
5021 5049
5021 5049
5021 5049
5021 5049
5021 5049
5021 5049
5021 5053
5049 5053
5021 5049
5021 5051
5021 5052
5049 5051
5049 5052
5051 5052
5049 5053
5049 5052
5021 5049
5021 5052
5049 5052
5021 5049
5021 5049
5021 5049
5021 5049
5021 5049
5021 5049
5021 5049
5021 5029
5021 5049
5029 5049
5021 5049
5021 5049
5021 5049
5021 5049
5021 5049
5019 5021
5019 5031
5019 5034
5021 5031
5021 5034
5031 5034
5049 5054
5049 5054
5049 5054
5021 5049
5021 5054
5049 5054
5049 5054
5021 5049
5021 5054
5049 5054
5043 5049
5043 5054
5049 5054
5049 5054
5049 5054
5049 5054
5049 5054
5049 5054
5049 5054
5049 5054
5049 5054
5049 5054
5049 5054
5049 5054
5049 5054
5021 5049
5049 5054
5021 5049
5021 5049
5021 5054
5049 5054
5021 5049
5021 5054
5049 5054
5021 5049
5021 5054
5049 5054
5021 5049
5021 5049
5021 5054
5049 5054
5021 5049
5049 5054
5021 5049
5021 5049
5021 5049
5021 5054
5049 5054
5021 5049
5021 5049
5021 5054
5049 5054
5021 5049
5021 5049
5021 5029
5021 5049
5029 5049
5021 5049
5021 5049
5021 5049
5021 5049
5021 5049
5021 5049
5021 5049
5021 5028
5021 5049
5028 5049
5021 5049
5021 5049
5021 5049
5021 5049
5021 5049
5021 5034
5021 5042
5034 5042
5021 5034
5021 5034
5021 5042
5021 5042
5021 5042
5021 5042
5021 5049
5021 5049
5021 5049
5021 5049
5021 5049
5021 5033
5021 5034
5021 5049
5033 5034
5033 5049
5034 5049
5021 5049
5021 5049
5021 5049
5021 5049
5021 5052
5049 5052
5021 5049
5021 5049
5021 5049
5011 5021
5021 5049
5021 5049
5021 5049
5021 5049
5021 5049
5021 5049
5021 5049
5021 5049
5021 5049
5021 5049
5021 5049
5021 5049
5021 5050
5021 5050
5021 5050
5021 5050
5021 5050
5021 5050
5021 5049
5021 5050
5049 5050
5021 5050
5021 5050
5021 5049
5021 5050
5049 5050
5021 5049
5021 5050
5005 5007
5005 5020
5005 5021
5007 5020
5007 5021
5020 5021
5007 5021
5007 5029
5021 5029
5007 5021
5007 5050
5021 5050
5021 5050
5014 5021
5014 5021
5021 5050
5014 5015
5014 5016
5014 5021
5015 5016
5015 5021
5016 5021
5014 5021
5014 5050
5021 5050
5015 5021
5015 5050
5021 5050
5014 5021
5021 5050
5014 5015
5014 5021
5014 5050
5015 5021
5015 5050
5021 5050
5014 5021
5014 5015
5014 5021
5014 5049
5015 5021
5015 5049
5021 5049
5015 5016
5015 5021
5016 5021
5007 5014
5007 5021
5014 5021
5015 5021
5015 5016
5015 5021
5016 5021
5014 5016
5014 5021
5014 5101
5016 5021
5016 5101
5021 5101
5014 5015
5014 5016
5014 5021
5015 5016
5015 5021
5016 5021
5014 5016
5014 5021
5016 5021
5014 5021
5014 5015
5014 5021
5014 5050
5015 5021
5015 5050
5021 5050
5014 5021
5014 5015
5014 5016
5014 5021
5015 5016
5015 5021
5016 5021
5015 5016
5015 5021
5016 5021
5014 5016
5014 5021
5016 5021
5014 5015
5014 5016
5014 5021
5015 5016
5015 5021
5016 5021
5005 5007
5005 5049
5005 5050
5007 5049
5007 5050
5049 5050
5021 5050
5021 5050
5021 5050
5007 5021
5007 5050
5021 5050
5007 5021
5007 5050
5021 5050
5007 5021
5007 5050
5021 5050
5007 5050
5007 5021
5007 5050
5021 5050
5021 5050
5007 5021
5007 5029
5007 5050
5021 5029
5021 5050
5029 5050
5007 5021
5021 5050
5007 5021
5007 5021
5007 5021
5007 5021
5007 5014
5007 5021
5014 5021
5007 5021
5007 5021
5014 5015
5014 5016
5015 5016
5007 5021
5007 5021
5000 5005
5000 5021
5005 5021
5007 5021
5007 5050
5021 5050
5021 5050
5007 5021
5007 5050
5021 5050
5007 5021
5007 5021
5007 5021
5007 5014
5014 5050
5007 5014
5007 5021
5007 5050
5014 5021
5014 5050
5021 5050
5007 5015
5015 5016
5015 5050
5016 5050
5007 5021
5007 5050
5021 5050
5007 5050
5006 5007
5014 5050
5014 5050
5007 5021
5007 5050
5007 5050
5007 5014
5006 5007
5006 5021
5007 5021
5007 5050
5007 5021
5007 5050
5007 5021
5007 5050
5021 5050
5007 5014
5007 5021
5014 5021
5007 5021
5006 5014
5007 5021
5016 5021
5014 5021
5014 5029
5021 5029
5007 5014
5007 5021
5014 5021
5014 5015
5014 5021
5015 5021
5007 5014
5007 5021
5014 5021
5014 5021
5014 5049
5021 5049
5014 5021
5007 5021
5007 5021
5014 5021
5014 5021
5014 5021
5014 5021
5014 5021
5014 5021
5014 5021
5007 5015
5007 5016
5007 5021
5015 5016
5015 5021
5016 5021
5014 5021
5014 5050
5021 5050
5014 5021
5007 5014
5007 5021
5014 5021
5014 5021
5014 5021
5014 5021
5014 5021
5014 5021
5014 5021
5014 5021
5021 5049
5014 5021
5014 5021
5014 5021
5014 5021
5014 5021
5014 5021
5014 5021
5014 5021
5014 5021
5014 5021
5014 5021
5014 5021
5014 5021
5014 5021
5014 5021
5014 5021
5021 5057
5014 5021
5014 5057
5021 5057
5021 5057
5021 5057
5014 5021
5021 5057
5021 5057
5021 5057
5021 5057
5021 5057
5021 5057
5021 5057
5021 5057
5021 5049
5021 5057
5014 5021
5014 5043
5014 5057
5021 5043
5021 5057
5043 5057
5021 5043
5021 5043
5021 5043
5021 5057
5021 5057
5021 5057
5021 5058
5021 5059
5021 5060
5058 5059
5058 5060
5059 5060
5021 5057
5057 5058
5057 5060
5058 5060
5043 5057
5043 5058
5043 5059
5043 5060
5057 5058
5057 5059
5057 5060
5058 5059
5058 5060
5059 5060
5057 5059
5057 5060
5059 5060
5058 5059
5058 5060
5059 5060
5057 5058
5057 5059
5057 5060
5058 5059
5058 5060
5059 5060
5021 5057
5021 5059
5021 5060
5057 5059
5057 5060
5059 5060
5021 5059
5021 5057
5021 5057
5021 5057
5021 5060
5057 5060
5021 5058
5021 5059
5058 5059
5021 5057
5021 5058
5021 5059
5057 5058
5057 5059
5058 5059
5021 5057
5021 5057
5021 5057
5057 5058
5021 5057
5021 5057
5021 5057
5021 5057
5021 5058
5057 5058
5021 5057
5021 5057
5021 5057
5021 5057
5021 5058
5021 5059
5021 5060
5057 5058
5057 5059
5057 5060
5058 5059
5058 5060
5059 5060
5021 5057
5021 5043
5021 5057
5021 5057
5021 5058
5057 5058
5021 5058
5021 5057
5021 5057
5021 5057
5021 5059
5021 5060
5057 5059
5057 5060
5059 5060
5021 5057
5021 5057
5021 5057
5021 5057
5021 5057
5021 5057
5021 5057
5021 5057
5021 5057
5021 5057
5021 5057
5021 5057
5021 5057
5021 5057
5021 5057
5021 5061
5057 5061
5021 5057
5021 5059
5057 5059
5021 5059
5021 5060
5059 5060
5021 5057
5021 5057
5021 5057
5021 5059
5021 5060
5057 5059
5057 5060
5059 5060
5057 5061
5057 5062
5061 5062
5059 5061
5059 5060
5059 5061
5060 5061
5021 5057
5021 5059
5021 5061
5057 5059
5057 5061
5059 5061
5057 5060
5021 5057
5021 5061
5057 5061
5021 5034
5021 5057
5021 5059
5021 5061
5034 5057
5034 5059
5034 5061
5057 5059
5057 5061
5059 5061
5021 5061
5021 5061
5057 5062
5057 5059
5059 5062
5059 5060
5021 5057
5057 5059
5057 5059
5021 5057
5021 5059
5021 5061
5057 5059
5057 5061
5059 5061
5014 5021
5014 5057
5021 5057
5021 5057
5021 5057
5014 5021
5021 5057
5021 5059
5057 5059
5021 5057
5021 5057
5007 5014
5007 5021
5007 5057
5014 5021
5014 5057
5021 5057
5021 5057
5014 5021
5014 5021
5014 5057
5021 5057
5014 5057
5014 5061
5057 5061
5021 5057
5020 5021
5020 5049
5021 5049
5021 5057
5021 5061
5007 5014
5006 5007
5014 5021
5014 5057
5021 5057
5007 5021
5007 5021
5007 5021
5006 5021
5006 5007
5006 5021
5006 5057
5007 5021
5007 5057
5021 5057
5006 5021
5006 5021
5006 5007
5006 5017
5006 5021
5007 5017
5007 5021
5017 5021
5006 5007
5006 5017
5007 5017
5006 5007
5006 5007
5021 5057
5007 5021
5006 5007
5006 5021
5007 5021
5007 5021
5007 5021
5007 5021
5007 5021
5007 5021
5006 5007
5007 5021
5006 5007
5006 5007
5006 5007
5006 5021
5006 5007
5006 5021
5007 5021
5006 5021
5007 5021
5006 5007
5006 5021
5006 5029
5007 5021
5007 5029
5021 5029
5006 5021
5006 5021
5006 5007
5006 5021
5007 5021
5006 5021
5007 5021
5007 5021
5006 5007
5006 5021
5007 5021
5006 5007
5006 5021
5007 5021
5007 5021
5006 5007
5006 5021
5007 5021
5021 5057
5006 5007
5006 5021
5007 5021
5006 5007
5006 5007
5006 5063
5007 5063
5057 5063
5021 5057
5021 5063
5057 5063
5014 5021
5006 5007
5006 5021
5007 5021
5007 5021
5007 5057
5021 5057
5007 5021
5007 5057
5021 5057
5007 5021
5007 5021
5007 5057
5021 5057
5007 5057
5007 5057
5007 5057
5021 5057
5007 5021
5007 5057
5007 5057
5007 5057
5007 5057
5007 5021
5007 5057
5021 5057
5021 5057
5021 5061
5007 5021
5007 5057
5021 5057
5007 5057
5007 5057
5006 5007
5006 5021
5007 5021
5007 5021
5007 5021
5021 5057
5007 5021
5007 5057
5021 5057
5007 5021
5007 5057
5021 5057
5021 5057
5007 5021
5007 5029
5021 5029
5007 5021
5007 5029
5021 5029
5006 5007
5006 5007
5006 5021
5007 5021
5007 5021
5007 5021
5021 5057
5007 5021
5007 5021
5006 5021
5007 5021
5007 5057
5021 5057
5007 5021
5007 5021
5007 5021
5007 5057
5021 5057
5007 5021
5007 5021
5007 5057
5021 5057
5021 5057
5021 5057
5007 5021
5007 5021
5021 5057
5021 5057
5021 5057
5021 5057
5021 5057
5021 5057
5021 5057
5021 5057
5021 5049
5021 5057
5049 5057
5021 5057
5013 5021
5013 5057
5021 5057
5021 5057
5021 5057
5021 5057
5021 5057
5021 5057
5007 5021
5007 5057
5021 5057
5021 5057
5021 5057
5021 5057
5021 5057
5034 5057
5021 5057
5021 5034
5021 5049
5021 5057
5049 5057
5021 5057
5021 5057
5021 5057
5021 5057
5021 5057
5021 5057
5021 5057
5013 5021
5021 5057
5021 5057
5021 5057
5013 5021
5013 5021
5000 5021
5000 5001
5000 5002
5000 5021
5001 5002
5001 5021
5002 5021
5001 5003
5001 5019
5001 5021
5003 5019
5003 5021
5019 5021
5001 5002
5000 5001
5000 5002
5001 5002
5021 5057
5021 5057
5001 5002
5001 5002
5021 5057
5002 5021
5002 5057
5021 5057
5001 5002
5006 5021
5006 5057
5021 5057
5021 5057
5001 5002
5001 5006
5001 5021
5002 5006
5002 5021
5006 5021
5001 5002
5001 5021
5001 5057
5021 5057
5001 5002
5001 5002
5001 5021
5001 5057
5002 5021
5002 5057
5021 5057
5000 5021
5001 5021
5000 5021
5000 5001
5000 5021
5001 5021
5021 5066
5002 5021
5002 5066
5021 5066
5002 5021
5021 5066
5001 5002
5001 5021
5001 5057
5002 5021
5002 5057
5021 5057
5001 5002
5001 5021
5001 5057
5002 5021
5002 5057
5021 5057
5002 5021
5002 5021
5002 5049
5021 5049
5001 5002
5001 5057
5002 5057
5001 5021
5001 5057
5021 5057
5021 5057
5021 5057
5001 5021
5001 5021
5001 5021
5021 5057
5001 5057
5001 5057
5001 5057
5000 5021
5021 5057
5021 5057
5021 5057
5001 5057
5001 5002
5001 5006
5001 5007
5001 5021
5002 5006
5002 5007
5002 5021
5006 5007
5006 5021
5007 5021
5001 5021
5001 5021
5001 5003
5001 5021
5003 5021
5001 5021
5001 5021
5001 5057
5021 5057
5001 5002
5001 5021
5002 5021
5001 5021
5001 5021
5021 5057
5021 5057
5021 5057
5001 5021
5001 5002
5001 5021
5001 5057
5002 5021
5002 5057
5021 5057
5001 5021
5021 5057
5007 5020
5007 5021
5007 5029
5020 5021
5020 5029
5021 5029
5021 5057
5001 5021
5001 5057
5021 5057
5021 5057
5021 5057
5021 5057
5001 5021
5001 5057
5021 5057
5021 5057
5021 5057
5001 5021
5001 5021
5001 5057
5001 5021
5001 5021
5001 5057
5021 5057
5021 5057
5001 5021
5001 5057
5021 5057
5021 5057
5021 5057
5021 5057
5021 5057
5021 5068
5057 5068
5021 5057
5021 5070
5057 5070
5057 5068
5021 5057
5021 5068
5021 5070
5057 5068
5057 5070
5068 5070
5057 5068
5057 5070
5068 5070
5057 5068
5021 5057
5021 5068
5057 5068
5021 5057
5021 5068
5057 5068
5021 5057
5021 5068
5057 5068
5021 5068
5001 5021
5001 5057
5001 5068
5021 5057
5021 5068
5057 5068
5001 5021
5001 5021
5001 5057
5021 5057
5003 5021
5003 5057
5021 5057
5021 5057
5002 5021
5001 5002
5001 5003
5001 5021
5001 5057
5002 5003
5002 5021
5002 5057
5003 5021
5003 5057
5021 5057
5001 5002
5001 5057
5002 5057
5021 5057
5002 5003
5002 5021
5002 5057
5003 5021
5003 5057
5021 5057
5002 5003
5021 5057
5002 5003
5001 5002
5001 5003
5001 5021
5001 5057
5002 5003
5002 5021
5002 5057
5003 5021
5003 5057
5021 5057
5001 5021
5001 5057
5021 5057
5002 5003
5001 5021
5001 5057
5021 5057
5002 5021
5002 5057
5021 5057
5001 5002
5001 5003
5001 5021
5002 5003
5002 5021
5003 5021
5001 5002
5001 5003
5001 5021
5002 5003
5002 5021
5003 5021
5002 5003
5002 5021
5003 5021
5002 5021
5001 5021
5001 5002
5001 5003
5002 5003
5021 5057
5001 5003
5001 5003
5001 5002
5001 5003
5002 5003
5001 5021
5001 5057
5021 5057
5001 5021
5001 5057
5021 5057
5001 5003
5001 5021
5001 5057
5003 5021
5003 5057
5021 5057
5021 5057
5001 5003
5001 5021
5003 5021
5021 5071
5021 5071
5021 5071
5021 5071
5021 5071
5001 5003
5001 5021
5003 5021
5002 5003
5002 5021
5002 5071
5003 5021
5003 5071
5021 5071
5021 5071
5001 5003
5001 5021
5001 5071
5003 5021
5003 5071
5021 5071
5021 5028
5021 5049
5021 5071
5028 5049
5028 5071
5049 5071
5021 5071
5021 5071
5002 5003
5002 5021
5002 5071
5003 5021
5003 5071
5021 5071
5001 5002
5001 5003
5001 5021
5001 5028
5002 5003
5002 5021
5002 5028
5003 5021
5003 5028
5021 5028
5021 5071
5021 5057
5001 5021
5001 5057
5001 5068
5021 5057
5021 5068
5057 5068
5021 5057
5001 5021
5001 5057
5021 5057
5002 5003
5002 5021
5002 5057
5002 5071
5003 5021
5003 5057
5003 5071
5021 5057
5021 5071
5057 5071
5021 5057
5021 5071
5057 5071
5002 5021
5002 5057
5021 5057
5021 5057
5021 5057
5021 5057
5021 5057
5007 5021
5007 5057
5021 5057
5021 5057
5021 5057
5021 5049
5021 5057
5021 5057
5001 5002
5001 5003
5001 5049
5001 5057
5002 5003
5002 5049
5002 5057
5003 5049
5003 5057
5049 5057
5021 5057
5021 5029
5021 5049
5029 5049
5021 5057
5021 5057
5021 5049
5021 5057
5049 5057
5021 5057
5021 5057
5021 5057
5021 5057
5001 5021
5001 5043
5001 5057
5001 5068
5021 5043
5021 5057
5021 5068
5043 5057
5043 5068
5057 5068
5021 5068
5001 5002
5001 5021
5001 5028
5002 5021
5002 5028
5021 5028
5021 5068
5021 5068
5021 5071
5068 5071
5021 5066
5021 5071
5066 5071
5021 5057
5021 5068
5021 5071
5068 5071
5021 5027
5021 5057
5021 5070
5027 5057
5027 5070
5057 5070
5021 5070
5057 5068
5021 5027
5021 5070
5021 5071
5027 5070
5027 5071
5070 5071
5021 5070
5027 5070
5021 5027
5021 5071
5027 5071
5021 5027
5021 5027
5021 5027
5021 5068
5027 5068
5021 5027
5021 5027
5021 5068
5027 5068
5021 5027
5068 5070
5021 5057
5021 5068
5021 5071
5057 5068
5057 5071
5068 5071
5021 5057
5021 5057
5021 5057
5021 5057
5021 5049
5021 5057
5049 5057
5021 5057
5021 5068
5057 5068
5021 5057
5021 5068
5066 5070
5066 5071
5070 5071
5021 5023
5021 5024
5021 5027
5023 5024
5023 5027
5024 5027
5021 5024
5021 5071
5024 5071
5021 5057
5021 5070
5021 5070
5021 5071
5070 5071
5021 5043
5021 5057
5043 5057
5021 5034
5021 5057
5021 5070
5021 5071
5021 5070
5021 5027
5021 5049
5021 5049
5021 5049
5021 5070
5049 5070
5021 5049
5021 5049
5021 5049
5021 5057
5049 5057
5021 5049
5021 5057
5049 5057
5021 5049
5021 5049
5021 5049
5021 5071
5049 5071
5021 5027
5021 5049
5021 5070
5027 5049
5027 5070
5049 5070
5021 5057
5021 5049
5021 5070
5021 5071
5049 5070
5049 5071
5070 5071
5021 5070
5021 5049
5021 5070
5049 5070
5021 5023
5021 5024
5021 5027
5021 5049
5021 5068
5021 5070
5021 5071
5023 5024
5023 5027
5023 5049
5023 5068
5023 5070
5023 5071
5024 5027
5024 5049
5024 5068
5024 5070
5024 5071
5027 5049
5027 5068
5027 5070
5027 5071
5049 5068
5049 5070
5049 5071
5068 5070
5068 5071
5070 5071
5021 5049
5021 5078
5021 5080
5049 5078
5049 5080
5078 5080
5049 5050
5049 5071
5050 5071
5023 5071
5021 5049
5021 5071
5049 5071
5021 5071
5049 5071
5049 5071
5049 5071
5021 5071
5021 5049
5021 5049
5021 5023
5021 5049
5023 5049
5023 5049
5024 5071
5024 5049
5023 5024
5023 5049
5024 5049
5021 5023
5021 5049
5021 5071
5023 5049
5023 5071
5049 5071
5023 5049
5021 5023
5021 5049
5023 5049
5023 5049
5023 5024
5023 5027
5023 5049
5023 5067
5023 5068
5024 5027
5024 5049
5024 5067
5024 5068
5027 5049
5027 5067
5027 5068
5049 5067
5049 5068
5067 5068
5021 5024
5021 5049
5024 5049
5023 5049
5023 5024
5023 5049
5024 5049
5023 5024
5023 5049
5024 5049
5023 5049
5021 5049
5021 5049
5021 5054
5049 5054
5021 5049
5021 5070
5049 5070
5068 5070
5049 5070
5049 5070
5021 5049
5021 5049
5021 5070
5049 5070
5049 5067
5021 5049
5021 5057
5021 5049
5021 5057
5049 5057
5021 5049
5021 5049
5021 5049
5049 5057
5021 5023
5021 5049
5021 5071
5023 5049
5023 5071
5049 5071
5049 5057
5049 5057
5014 5021
5014 5057
5021 5057
5021 5049
5049 5057
5028 5042
5028 5049
5042 5049
5021 5042
5007 5021
5007 5029
5007 5049
5021 5029
5021 5049
5029 5049
5021 5049
5021 5057
5049 5057
5021 5049
5021 5057
5049 5057
5021 5049
5021 5029
5021 5049
5021 5106
5029 5049
5029 5106
5049 5106
5007 5021
5029 5049
5029 5106
5049 5106
5029 5049
5021 5049
5021 5057
5028 5049
5021 5028
5021 5029
5021 5049
5021 5106
5028 5029
5028 5049
5028 5106
5029 5049
5029 5106
5049 5106
5021 5106
5021 5049
5028 5049
5021 5028
5021 5049
5028 5049
5028 5049
5021 5029
5021 5049
5029 5049
5021 5049
5021 5049
5049 5057
5021 5049
5021 5057
5049 5057
5049 5057
5021 5049
5021 5057
5049 5057
5021 5049
5021 5057
5049 5057
5021 5049
5021 5023
5021 5049
5021 5071
5023 5049
5023 5071
5049 5071
5021 5057
5021 5065
5057 5065
5021 5065
5021 5065
5021 5028
5002 5021
5001 5003
5001 5021
5003 5021
5001 5021
5001 5021
5001 5021
5001 5028
5021 5028
5001 5021
5001 5028
5021 5028
5021 5028
5001 5021
5001 5028
5021 5028
5021 5065
5021 5065
5021 5065
5021 5028
5021 5028
5021 5065
5021 5028
5021 5028
5021 5065
5028 5065
5021 5028
5021 5028
5021 5028
5001 5021
5001 5021
5021 5028
5001 5021
5001 5011
5001 5021
5011 5021
5001 5021
5001 5021
5001 5021
5001 5057
5021 5057
5001 5021
5001 5057
5021 5057
5001 5021
5001 5057
5021 5057
5001 5057
5021 5028
5021 5057
5028 5057
5021 5057
5021 5057
5001 5021
5001 5057
5021 5057
5021 5057
5021 5027
5021 5049
5027 5049
5021 5057
5001 5021
5001 5057
5021 5057
5021 5057
5001 5021
5001 5021
5021 5071
5021 5057
5021 5057
5001 5021
5021 5057
5021 5049
5021 5057
5049 5057
5021 5057
5021 5057
5021 5057
5021 5057
5021 5049
5021 5057
5021 5043
5021 5043
5021 5057
5021 5043
5021 5072
5021 5072
5021 5057
5043 5057
5057 5072
5001 5021
5021 5072
5021 5072
5021 5057
5021 5072
5057 5072
5021 5072
5001 5021
5001 5072
5021 5072
5001 5021
5001 5021
5001 5057
5001 5072
5021 5057
5021 5072
5057 5072
5001 5021
5001 5057
5001 5072
5021 5057
5021 5072
5057 5072
5001 5021
5001 5057
5021 5057
5057 5072
5021 5057
5021 5072
5057 5072
5021 5057
5021 5072
5057 5072
5021 5057
5001 5021
5001 5057
5021 5057
5021 5057
5021 5057
5021 5072
5057 5072
5021 5028
5021 5057
5028 5057
5021 5057
5001 5021
5001 5057
5021 5057
5001 5021
5001 5028
5021 5028
5021 5057
5001 5057
5021 5057
5021 5057
5021 5072
5057 5072
5021 5072
5001 5021
5001 5028
5021 5028
5021 5072
5021 5072
5021 5072
5021 5072
5021 5072
5021 5072
5021 5072
5021 5057
5021 5072
5057 5072
5021 5072
5021 5072
5021 5076
5021 5028
5028 5072
5028 5076
5072 5076
5001 5021
5001 5057
5021 5057
5021 5057
5021 5028
5021 5057
5021 5072
5028 5057
5028 5072
5057 5072
5001 5021
5001 5057
5021 5057
5001 5021
5001 5028
5001 5057
5021 5028
5021 5057
5028 5057
5021 5028
5021 5057
5028 5057
5001 5021
5001 5028
5001 5057
5021 5028
5021 5057
5028 5057
5021 5028
5021 5068
5028 5068
5021 5068
5021 5068
5021 5073
5068 5073
5021 5068
5021 5070
5021 5073
5068 5070
5068 5073
5070 5073
5013 5021
5021 5023
5021 5024
5021 5027
5021 5068
5021 5071
5021 5073
5023 5024
5023 5027
5023 5068
5023 5071
5023 5073
5024 5027
5024 5068
5024 5071
5024 5073
5027 5068
5027 5071
5027 5073
5068 5071
5068 5073
5071 5073
5021 5068
5068 5073
5021 5068
5021 5073
5021 5068
5021 5073
5068 5073
5021 5068
5001 5021
5001 5028
5021 5028
5021 5073
5021 5073
5021 5068
5021 5073
5068 5073
5021 5068
5021 5073
5068 5073
5021 5068
5001 5028
5001 5068
5028 5068
5021 5068
5068 5073
5001 5021
5001 5068
5021 5068
5028 5068
5021 5068
5021 5068
5021 5074
5007 5021
5007 5073
5021 5073
5021 5074
5021 5068
5021 5074
5021 5074
5021 5074
5021 5073
5028 5073
5028 5074
5073 5074
5021 5074
5021 5074
5001 5021
5001 5028
5001 5074
5021 5028
5021 5074
5028 5074
5021 5073
5021 5074
5073 5074
5021 5073
5021 5074
5073 5074
5021 5074
5021 5074
5021 5074
5021 5075
5074 5075
5021 5074
5021 5074
5021 5075
5021 5074
5011 5021
5021 5028
5011 5021
5021 5057
5021 5057
5021 5057
5021 5057
5021 5057
5021 5057
5011 5021
5021 5057
5021 5057
5001 5021
5001 5028
5001 5057
5021 5028
5021 5057
5028 5057
5021 5028
5021 5057
5021 5072
5021 5076
5028 5057
5028 5072
5028 5076
5057 5072
5057 5076
5072 5076
5021 5057
5021 5076
5057 5076
5021 5028
5021 5057
5021 5068
5057 5068
5068 5075
5021 5068
5021 5075
5068 5075
5028 5075
5021 5057
5021 5049
5049 5057
5021 5057
5021 5049
5021 5057
5049 5057
5021 5028
5021 5077
5028 5077
5021 5077
5021 5057
5021 5072
5021 5076
5021 5077
5057 5072
5057 5076
5057 5077
5072 5076
5072 5077
5076 5077
5077 5078
5077 5080
5078 5080
5021 5077
5021 5078
5021 5079
5021 5080
5077 5078
5077 5079
5077 5080
5078 5079
5078 5080
5079 5080
5021 5057
5021 5028
5001 5021
5001 5028
5021 5028
5028 5078
5028 5080
5078 5080
5021 5028
5021 5049
5021 5057
5028 5049
5028 5057
5049 5057
5021 5028
5028 5089
5077 5078
5077 5079
5077 5080
5078 5079
5078 5080
5079 5080
5023 5028
5021 5028
5021 5057
5028 5057
5021 5089
5043 5081
5043 5082
5081 5082
5021 5082
5021 5082
5082 5085
5082 5085
5082 5085
5082 5085
5077 5085
5082 5085
5021 5085
5021 5076
5021 5086
5076 5086
5021 5057
5021 5072
5021 5076
5021 5086
5057 5072
5057 5076
5057 5086
5072 5076
5072 5086
5076 5086
5021 5086
5021 5087
5021 5088
5086 5087
5086 5088
5087 5088
5087 5088
5021 5086
5021 5089
5086 5089
5087 5088
5021 5087
5021 5088
5087 5088
5087 5088
5077 5089
5081 5090
5081 5090
5081 5090
5021 5028
5021 5057
5028 5057
5081 5090
5081 5090
5081 5090
5081 5089
5081 5090
5089 5090
5077 5081
5077 5090
5081 5090
5089 5090
5079 5081
5079 5090
5081 5090
5079 5081
5079 5090
5081 5090
5077 5079
5079 5083
5079 5084
5083 5084
5089 5090
5079 5089
5079 5090
5089 5090
5090 5097
5092 5093
5028 5092
5028 5093
5092 5093
5021 5086
5091 5092
5091 5093
5091 5092
5091 5093
5092 5093
5089 5092
5089 5093
5092 5093
5089 5091
5089 5093
5091 5093
5091 5093
5092 5093
5091 5093
5091 5092
5091 5093
5092 5093
5028 5092
5028 5093
5092 5093
5001 5021
5001 5028
5001 5057
5021 5028
5021 5057
5028 5057
5091 5092
5091 5093
5092 5093
5028 5092
5028 5093
5092 5093
5077 5079
5077 5092
5077 5093
5079 5092
5079 5093
5092 5093
5028 5077
5028 5079
5077 5079
5077 5079
5084 5094
5084 5095
5094 5095
5077 5079
5077 5094
5077 5095
5079 5094
5079 5095
5094 5095
5077 5079
5028 5078
5028 5080
5028 5084
5078 5080
5078 5084
5080 5084
5084 5091
5021 5086
5021 5066
5021 5084
5021 5086
5021 5096
5066 5084
5066 5086
5066 5096
5084 5086
5084 5096
5086 5096
5066 5084
5066 5091
5066 5096
5084 5091
5084 5096
5091 5096
5084 5091
5084 5097
5066 5096
5066 5091
5066 5096
5091 5096
5066 5091
5066 5096
5091 5096
5066 5091
5066 5096
5091 5096
5066 5096
5066 5091
5066 5096
5091 5096
5021 5086
5021 5066
5021 5091
5021 5096
5066 5091
5066 5096
5091 5096
5066 5096
5066 5096
5066 5091
5066 5096
5091 5096
5021 5066
5021 5091
5021 5096
5066 5091
5066 5096
5091 5096
5057 5066
5057 5091
5057 5096
5066 5091
5066 5096
5091 5096
5066 5091
5066 5096
5091 5096
5023 5024
5023 5028
5023 5089
5024 5028
5024 5089
5028 5089
5021 5057
5021 5057
5028 5077
5021 5028
5021 5077
5021 5079
5028 5077
5028 5079
5077 5079
5066 5091
5066 5096
5091 5096
5028 5066
5028 5070
5028 5091
5028 5096
5066 5070
5066 5091
5066 5096
5070 5091
5070 5096
5091 5096
5021 5057
5021 5066
5021 5096
5057 5066
5057 5096
5066 5096
5066 5096
5066 5096
5028 5091
5028 5089
5028 5091
5028 5094
5028 5095
5089 5091
5089 5094
5089 5095
5091 5094
5091 5095
5094 5095
5021 5057
5021 5079
5021 5091
5057 5079
5057 5091
5079 5091
5077 5091
5077 5091
5028 5089
5028 5091
5089 5091
5001 5021
5021 5028
5021 5089
5028 5089
5028 5100
5028 5100
5028 5100
5028 5100
5028 5091
5028 5029
5028 5099
5028 5100
5029 5099
5029 5100
5099 5100
5028 5099
5029 5099
5021 5029
5021 5077
5029 5077
5028 5091
5029 5091
5029 5099
5091 5099
5028 5029
5028 5077
5028 5079
5029 5077
5029 5079
5077 5079
5028 5078
5028 5089
5021 5028
5021 5057
5028 5057
5028 5089
5028 5083
5021 5028
5021 5101
5028 5077
5028 5079
5028 5081
5028 5082
5028 5091
5077 5079
5077 5081
5077 5082
5077 5091
5079 5081
5079 5082
5079 5091
5081 5082
5081 5091
5082 5091
5021 5057
5006 5028
5006 5077
5006 5077
5006 5007
5006 5021
5006 5029
5006 5077
5006 5079
5007 5021
5007 5029
5007 5077
5007 5079
5021 5029
5021 5077
5021 5079
5029 5077
5029 5079
5077 5079
5006 5077
5006 5101
5006 5101
5006 5077
5077 5101
5006 5077
5006 5101
5077 5101
5006 5101
5006 5101
5006 5101
5006 5101
5006 5101
5006 5101
5006 5077
5006 5101
5077 5101
5006 5077
5006 5101
5077 5101
5006 5043
5006 5102
5043 5102
5006 5102
5006 5102
5006 5028
5006 5089
5028 5089
5006 5028
5006 5102
5028 5102
5006 5028
5006 5101
5006 5102
5028 5101
5028 5102
5101 5102
5006 5101
5021 5077
5006 5021
5006 5077
5006 5101
5021 5077
5021 5101
5077 5101
5021 5077
5021 5086
5077 5086
5021 5076
5021 5077
5076 5077
5021 5077
5006 5102
5006 5102
5006 5102
5006 5102
5006 5007
5006 5021
5006 5057
5006 5077
5006 5101
5007 5021
5007 5057
5007 5077
5007 5101
5021 5057
5021 5077
5021 5101
5057 5077
5057 5101
5077 5101
5021 5057
5021 5058
5021 5059
5021 5060
5057 5058
5057 5059
5057 5060
5058 5059
5058 5060
5059 5060
5058 5060
5021 5057
5021 5058
5021 5059
5021 5060
5057 5058
5057 5059
5057 5060
5058 5059
5058 5060
5059 5060
5058 5060
5021 5057
5021 5057
5006 5007
5006 5057
5007 5057
5021 5086
5021 5086
5021 5089
5086 5089
5021 5057
5021 5086
5057 5086
5021 5034
5021 5057
5034 5057
5021 5057
5021 5072
5021 5076
5057 5072
5057 5076
5072 5076
5028 5104
5023 5024
5023 5028
5023 5070
5023 5104
5024 5028
5024 5070
5024 5104
5028 5070
5028 5104
5070 5104
5028 5104
5072 5086
5057 5072
5021 5057
5021 5077
5077 5089
5006 5021
5006 5021
5006 5021
5006 5021
5006 5021
5021 5049
5021 5049
5021 5049
5021 5049
5021 5057
5049 5057
5021 5057
5021 5049
5021 5049
5021 5028
5021 5089
5028 5089
5006 5077
5006 5077
5006 5078
5006 5079
5006 5080
5006 5089
5006 5103
5077 5078
5077 5079
5077 5080
5077 5089
5077 5103
5078 5079
5078 5080
5078 5089
5078 5103
5079 5080
5079 5089
5079 5103
5080 5089
5080 5103
5089 5103
5028 5077
5028 5078
5028 5079
5028 5080
5077 5078
5077 5079
5077 5080
5078 5079
5078 5080
5079 5080
5006 5089
5028 5079
5021 5057
5021 5057
5023 5028
5023 5077
5028 5077
5023 5077
5023 5028
5023 5077
5028 5077
5023 5077
5023 5028
5023 5077
5023 5079
5028 5077
5028 5079
5077 5079
5028 5077
5028 5077
5021 5057
5021 5077
5057 5077
5077 5089
5077 5079
5077 5089
5079 5089
5077 5089
5023 5077
5023 5089
5077 5089
5028 5077
5028 5105
5077 5105
5028 5077
5028 5089
5077 5089
5028 5089
5028 5077
5029 5098
5029 5099
5029 5105
5098 5099
5098 5105
5099 5105
5028 5098
5021 5077
5077 5098
5023 5028
5023 5077
5021 5077
5098 5105
5021 5029
5021 5057
5029 5057
5028 5077
5021 5028
5021 5057
5021 5077
5028 5057
5028 5077
5057 5077
5021 5077
5021 5057
5021 5077
5057 5077
5021 5077
5021 5070
5021 5077
5070 5077
5021 5077
5021 5078
5021 5079
5077 5078
5077 5079
5078 5079
5021 5034
5021 5077
5034 5077
5021 5077
5021 5077
5021 5033
5021 5034
5033 5034
5028 5077
5028 5089
5077 5089
5021 5057
5021 5076
5057 5076
5021 5028
5021 5072
5021 5076
5028 5072
5028 5076
5072 5076
5006 5021
5006 5072
5006 5077
5021 5072
5021 5077
5072 5077
5021 5057
5021 5057
5021 5103
5057 5103
5028 5103
5021 5028
5021 5049
5021 5057
5021 5076
5021 5103
5028 5049
5028 5057
5028 5076
5028 5103
5049 5057
5049 5076
5049 5103
5057 5076
5057 5103
5076 5103
5001 5021
5001 5023
5001 5028
5021 5023
5021 5028
5023 5028
5078 5080
5078 5089
5080 5089
5021 5057
5021 5028
5021 5057
5021 5076
5057 5076
5021 5028
5021 5077
5028 5077
5021 5057
5001 5021
5001 5028
5001 5049
5001 5057
5021 5028
5021 5049
5021 5057
5028 5049
5028 5057
5049 5057
5021 5028
5021 5028
5001 5021
5001 5028
5021 5028
5001 5028
5001 5002
5001 5021
5002 5021
5001 5028
5021 5028
5021 5028
5021 5028
5021 5028
5021 5028
5021 5028
5021 5028
5021 5028
5021 5043
5028 5043
5001 5021
5001 5028
5021 5028
5021 5028
5021 5028
5021 5028
5021 5057
5028 5057
5021 5028
5021 5057
5028 5057
5021 5028
5021 5057
5028 5057
5001 5021
5001 5028
5001 5057
5021 5028
5021 5057
5028 5057
5001 5021
5001 5028
5001 5057
5021 5028
5021 5057
5028 5057
5021 5057
5021 5028
5021 5028
5043 5057
5021 5028
5021 5106
5028 5106
5043 5107
5021 5028
5021 5106
5028 5106
5021 5107
5021 5057
5021 5057
5021 5107
5021 5107
5021 5107
5021 5107
5021 5028
5021 5078
5021 5098
5028 5078
5028 5098
5078 5098
5021 5078
5021 5029
5021 5029
5021 5057
5029 5057
5021 5028
5021 5029
5028 5029
5021 5029
5021 5105
5021 5028
5021 5029
5021 5098
5021 5107
5028 5029
5028 5098
5028 5107
5029 5098
5029 5107
5098 5107
5028 5098
5021 5057
5108 5109
5021 5057
5028 5077
5028 5078
5028 5098
5077 5078
5077 5098
5078 5098
5028 5029
5028 5107
5029 5107
5105 5107
5021 5057
5001 5021
5001 5028
5001 5092
5001 5093
5001 5094
5001 5095
5021 5028
5021 5092
5021 5093
5021 5094
5021 5095
5028 5092
5028 5093
5028 5094
5028 5095
5092 5093
5092 5094
5092 5095
5093 5094
5093 5095
5094 5095
5028 5092
5028 5093
5092 5093
5001 5021
5001 5105
5021 5105
5021 5105
5001 5021
5001 5028
5021 5028
5028 5105
5021 5028
5021 5028
5021 5105
5028 5105
5021 5105
5021 5105
5001 5021
5001 5105
5021 5105
5001 5021
5001 5021
5001 5021
5001 5002
5001 5003
5001 5021
5001 5028
5002 5003
5002 5021
5002 5028
5003 5021
5003 5028
5021 5028
5001 5021
5001 5105
5021 5105
5001 5021
5021 5109
5001 5028
5021 5106
5001 5021
5001 5105
5021 5105
5001 5021
5021 5057
5021 5105
5057 5105
5021 5029
5021 5057
5001 5021
5001 5057
5021 5057
5001 5021
5001 5057
5001 5058
5001 5060
5021 5057
5021 5058
5021 5060
5057 5058
5057 5060
5058 5060
5001 5021
5001 5057
5021 5057
5021 5057
5021 5058
5021 5060
5057 5058
5057 5060
5058 5060
5021 5057
5021 5103
5021 5057
5021 5103
5057 5103
5021 5058
5021 5060
5021 5103
5058 5060
5058 5103
5060 5103
5021 5057
5021 5058
5057 5058
5057 5103
5021 5057
5021 5103
5057 5103
5057 5103
5057 5103
5057 5058
5057 5058
5057 5059
5057 5060
5057 5103
5059 5060
5059 5103
5060 5103
5057 5058
5057 5059
5057 5060
5057 5103
5058 5059
5058 5060
5058 5103
5059 5060
5059 5103
5060 5103
5057 5058
5057 5059
5057 5060
5058 5059
5058 5060
5059 5060
5057 5058
5057 5059
5057 5060
5057 5062
5058 5059
5058 5060
5058 5062
5059 5060
5059 5062
5060 5062
5057 5058
5057 5103
5057 5058
5057 5059
5057 5060
5057 5103
5058 5059
5058 5060
5058 5103
5059 5060
5059 5103
5060 5103
5001 5021
5001 5057
5001 5103
5021 5057
5021 5103
5057 5103
5001 5021
5001 5057
5021 5057
5057 5103
5057 5103
5057 5103
5058 5103
5058 5103
5060 5103
5057 5058
5058 5103
5058 5103
5021 5058
5021 5057
5057 5103
5058 5103
5058 5103
5057 5103
5057 5058
5058 5060
5057 5060
5060 5103
5060 5103
5058 5060
5060 5103
5057 5058
5057 5060
5057 5103
5058 5060
5058 5103
5060 5103
5021 5057
5021 5060
5021 5103
5057 5060
5057 5103
5060 5103
5021 5057
5021 5060
5057 5060
5057 5103
5021 5057
5021 5058
5021 5103
5057 5058
5057 5103
5058 5103
5021 5057
5021 5058
5021 5060
5057 5058
5057 5060
5058 5060
5021 5057
5021 5060
5021 5103
5057 5060
5057 5103
5060 5103
5021 5057
5021 5103
5057 5103
5021 5057
5021 5103
5057 5103
5021 5057
5021 5057
5021 5057
5021 5057
5021 5029
5021 5049
5021 5057
5021 5103
5029 5049
5029 5057
5029 5103
5049 5057
5049 5103
5057 5103
5021 5057
5021 5057
5007 5057
5021 5057
5006 5021
5006 5103
5021 5103
5021 5057
5021 5103
5057 5103
5021 5057
5060 5103
5060 5103
5021 5057
5021 5103
5057 5103
5021 5057
5021 5103
5057 5103
5058 5060
5058 5103
5060 5103
5057 5060
5058 5103
5058 5060
5058 5103
5060 5103
5058 5060
5021 5057
5021 5058
5021 5060
5021 5103
5057 5058
5057 5060
5057 5103
5058 5060
5058 5103
5060 5103
5021 5057
5021 5103
5058 5060
5058 5103
5060 5103
5021 5057
5021 5103
5057 5103
5001 5057
5001 5058
5001 5060
5057 5058
5057 5060
5058 5060
5001 5057
5021 5070
5021 5103
5001 5021
5001 5028
5001 5057
5001 5070
5001 5077
5001 5103
5021 5028
5021 5057
5021 5070
5021 5077
5021 5103
5028 5057
5028 5070
5028 5077
5028 5103
5057 5070
5057 5077
5057 5103
5070 5077
5070 5103
5077 5103
5070 5103
5070 5103
5070 5103
5070 5103
5021 5070
5021 5103
5070 5103
5020 5021
5006 5007
5006 5021
5007 5021
5017 5021
5017 5021
5017 5021
5017 5021
5006 5017
5006 5021
5017 5021
5017 5021
5017 5021
5007 5017
5007 5018
5007 5021
5017 5018
5017 5021
5018 5021
5017 5021
5007 5017
5007 5021
5017 5021
5006 5017
5006 5021
5017 5021
5006 5017
5006 5021
5017 5021
5006 5017
5021 5077
5021 5057
5021 5028
5021 5077
5028 5077
5021 5028
5006 5021
5006 5077
5021 5077
5006 5021
5006 5021
5021 5028
5021 5110
5021 5110
5021 5110
5006 5021
5006 5028
5021 5028
5006 5021
5006 5021
5006 5021
5006 5028
5021 5028
5006 5021
5006 5021
5006 5021
5006 5028
5021 5028
5021 5057
5006 5007
5006 5021
5007 5021
5006 5021
5006 5017
5006 5021
5017 5021
5021 5057
5006 5021
5006 5021
5006 5021
5006 5021
5006 5021
5021 5057
5021 5061
5007 5021
5021 5049
5021 5034
5021 5029
5006 5017
5006 5021
5006 5049
5006 5057
5006 5103
5017 5021
5017 5049
5017 5057
5017 5103
5021 5049
5021 5057
5021 5103
5049 5057
5049 5103
5057 5103
