15004 15006
15004 15008
15004 15011
15004 15012
15006 15008
15006 15011
15006 15012
15008 15011
15008 15012
15011 15012
15006 15008
15006 15012
15004 15006
15004 15012
15006 15012
15006 15008
15006 15008
15004 15008
15004 15011
15004 15012
15008 15011
15008 15012
15011 15012
15011 15012
15001 15008
15001 15012
15008 15012
15001 15005
15001 15011
15005 15011
15001 15004
15001 15012
15004 15012
15001 15005
15001 15008
15005 15008
15001 15004
15001 15005
15001 15008
15001 15011
15001 15012
15004 15005
15004 15008
15004 15011
15004 15012
15005 15008
15005 15011
15005 15012
15008 15011
15008 15012
15011 15012
15004 15012
15004 15012
15004 15011
15004 15012
15011 15012
15004 15008
15004 15011
15004 15012
15008 15011
15008 15012
15011 15012
15004 15012
15008 15012
15008 15012
15004 15011
15008 15011
15008 15012
15011 15012
15012 15013
15008 15011
15008 15012
15011 15012
15003 15009
15003 15013
15003 15014
15009 15013
15009 15014
15013 15014
15007 15014
15007 15014
15007 15010
15007 15014
15010 15014
15001 15005
15001 15014
15005 15014
15001 15005
15001 15014
15005 15014
15001 15005
15006 15008
15001 15005
15001 15006
15005 15006
15001 15005
15001 15006
15005 15006
15001 15006
15001 15005
15001 15006
15005 15006
15006 15014
15001 15005
15001 15014
15005 15014
15006 15007
15006 15007
15001 15005
15001 15006
15001 15007
15001 15014
15005 15006
15005 15007
15005 15014
15006 15007
15006 15014
15007 15014
15007 15014
15010 15014
15006 15007
15006 15010
15007 15010
15010 15014
15007 15010
15007 15014
15010 15014
15001 15005
15007 15010
15007 15014
15010 15014
15007 15010
15007 15014
15010 15014
15007 15010
15007 15010
15006 15007
15006 15010
15007 15010
15006 15007
15006 15010
15007 15010
15005 15007
15005 15010
15005 15014
15007 15010
15007 15014
15010 15014
15010 15014
15001 15005
15001 15007
15001 15010
15001 15014
15005 15007
15005 15010
15005 15014
15007 15010
15007 15014
15010 15014
15007 15010
15010 15014
15001 15005
15001 15007
15001 15010
15001 15014
15005 15007
15005 15010
15005 15014
15007 15010
15007 15014
15010 15014
15007 15010
15007 15010
15007 15014
15010 15014
15001 15005
15001 15010
15001 15014
15005 15010
15005 15014
15010 15014
15001 15005
15001 15010
15001 15014
15010 15014
15001 15005
15001 15007
15001 15014
15005 15007
15005 15014
15007 15014
15001 15005
15001 15007
15005 15007
15001 15005
15005 15007
15005 15010
15005 15014
15007 15010
15007 15014
15010 15014
15001 15005
15001 15007
15001 15010
15001 15014
15005 15007
15005 15010
15005 15014
15007 15010
15007 15014
15010 15014
15001 15005
15007 15010
15013 15014
15010 15014
15003 15009
15003 15014
15009 15014
15003 15009
15012 15013
15001 15005
15001 15010
15001 15013
15005 15010
15005 15013
15010 15013
15001 15005
15001 15010
15001 15014
15005 15010
15005 15014
15010 15014
15010 15013
15001 15005
15005 15008
15005 15012
15008 15012
15001 15005
15001 15012
15005 15012
15009 15010
15009 15013
15009 15014
15010 15013
15010 15014
15013 15014
15009 15010
15009 15010
15010 15014
15001 15005
15007 15014
15006 15007
15006 15010
15006 15013
15006 15014
15007 15010
15007 15013
15007 15014
15010 15013
15010 15014
15013 15014
15006 15007
15006 15014
15007 15014
15007 15013
15007 15013
15007 15013
15006 15007
15006 15010
15006 15014
15007 15010
15007 15014
15010 15014
15007 15013
15007 15013
15010 15014
15007 15013
15006 15010
15006 15007
15006 15010
15006 15013
15006 15014
15007 15010
15007 15013
15007 15014
15010 15013
15010 15014
15013 15014
15006 15007
15006 15010
15006 15014
15007 15010
15007 15014
15010 15014
15007 15010
15007 15014
15010 15014
15007 15014
15005 15010
15005 15013
15005 15014
15010 15013
15010 15014
15013 15014
15009 15010
15009 15013
15009 15014
15009 15015
15010 15013
15010 15014
15010 15015
15013 15014
15013 15015
15014 15015
15010 15013
15010 15014
15013 15014
15007 15013
15001 15005
15001 15015
15005 15015
15007 15012
15007 15010
