CompactBuffer(15, 0, 210, 390, 285, 495, 165, 555, 405, 225, 481, 226, 421, 361, 196, 122, 332, 47, 182, 347, 572, 302, 527, 392, 588, 393, 258, 63, 18, 378, 123, 34, 409, 529, 514, 364, 49, 94, 455, 230, 395, 245, 575, 381, 486, 216, 426, 471, 396, 126, 531, 576, 306, 187, 112, 82, 97, 577, 472, 7, 457, 398, 413, 128, 578, 518, 548, 113, 278, 443, 248, 38, 488, 189, 159, 474, 564, 294, 354, 489, 219, 339, 384, 565, 10, 536, 71, 566, 281, 551, 581, 236, 461, 506, 192, 267, 492, 327, 117, 102, 567, 537, 552, 432, 342, 372, 193, 28, 133, 493, 58, 103, 328, 224, 254, 554, 134, 419, 104, 344, 494)
CompactBuffer(315, 510, 360, 556, 166, 181, 1, 316, 557, 107, 62, 227, 257, 377, 423, 303, 318, 78, 198, 228, 273, 363, 168, 454, 229, 319, 379, 499, 124, 274, 109, 334, 440, 95, 110, 140, 335, 20, 231, 171, 111, 411, 201, 397, 22, 307, 172, 37, 532, 202, 382, 353, 188, 399, 459, 99, 115, 265, 25, 415, 400, 41, 101, 326, 131, 446, 221, 251, 431, 356, 582, 522, 42, 462, 162, 253, 568, 373, 73, 118, 223, 119, 404, 509, 374, 14, 179, 194, 584, 284, 389)
CompactBuffer(450, 600, 105, 480, 270, 525, 526, 16, 496, 452, 152, 242, 197, 2, 573, 153, 243, 138, 438, 108, 19, 574, 79, 349, 559, 65, 50, 350, 560, 305, 590, 5, 156, 66, 351, 51, 52, 127, 442, 67, 323, 158, 263, 503, 83, 143, 534, 324, 594, 279, 579, 114, 309, 490, 445, 40, 580, 145, 386, 161, 266, 371, 416, 312, 297, 222, 132, 87, 13, 553, 478, 403, 268, 88, 449, 164, 74, 89)
CompactBuffer(150, 75, 32, 213, 3, 348, 139, 544, 214, 291, 387, 27, 433, 343, 523, 539, 299)
CompactBuffer(408, 4, 530)
CompactBuffer(375, 336)
CompactBuffer(330, 120, 465, 345, 240, 30, 45, 90, 60, 435, 511, 46, 106, 241, 391, 467, 512, 77, 437, 92, 497, 362, 422, 167, 513, 333, 288, 183, 483, 169, 64, 259, 304, 484, 320, 485, 200, 125, 170, 35, 260, 275, 155, 276, 261, 456, 36, 501, 186, 6, 546, 516, 337, 292, 427, 262, 322, 338, 53, 383, 458, 473, 368, 293, 233, 173, 203, 218, 308, 204, 264, 174, 160, 280, 340, 355, 310, 220, 175, 520, 505, 190, 595, 70, 550, 296, 491, 11, 146, 341, 596, 176, 26, 477, 507, 402, 447, 282, 388, 298, 583, 448, 29, 359, 464, 149, 314, 434, 209, 239)
CompactBuffer(570, 151, 571, 136, 91, 271, 468, 543, 498, 80, 185, 380, 425, 352, 533, 23, 504, 429, 144, 370, 430, 85, 311, 191, 237, 252, 163)
CompactBuffer(540, 255, 585, 135, 451, 61, 301, 331, 121, 376, 346, 436, 466, 256, 137, 407, 587, 287, 558, 48, 424, 184, 289, 244, 365, 81, 21, 321, 366, 561, 141, 217, 502, 367, 517, 428, 98, 8, 369, 444, 69, 234, 129, 475, 55, 235, 385, 401, 476, 86, 417, 207, 597, 208, 313, 418, 598, 524, 59, 599)
CompactBuffer(410, 68)
CompactBuffer(39, 130)
CompactBuffer(180, 420, 300, 195, 76, 586, 286, 541, 406, 211, 31, 482, 272, 212, 317, 17, 542, 93, 33, 528, 453, 589, 394, 469, 154, 199, 470, 545, 215, 290, 500, 96, 441, 246, 591, 277, 562, 232, 157, 142, 247, 487, 593, 563, 84, 519, 54, 24, 249, 414, 9, 100, 325, 460, 250, 205, 295, 535, 206, 177, 57, 72, 357, 147, 283, 538, 463, 508, 178, 43, 148, 329, 479, 569, 44, 269)
CompactBuffer(515, 592, 56)
CompactBuffer(439, 547, 549, 116, 521, 358)
CompactBuffer(12)
CompactBuffer(412, 238)