data_3:酒吧：NaiveBayes精度----->0.7640449438202247
(预测，实际)
(0.0,0.0)
(0.0,1.0)
(0.0,0.0)
(0.0,1.0)
(1.0,1.0)
(0.0,0.0)
(1.0,1.0)
(0.0,1.0)
(0.0,0.0)
(0.0,[0.9,1.12,0.5,1.38,2.1,3.18,2.98,1.41,2.86])
(1.0,[0.35,1.36,0.46,1.1,1.52,3.19,2.73,1.89,2.94])
(0.0,[0.64,1.76,0.65,0.64,1.48,3.18,2.74,1.02,2.98])
(1.0,[0.64,1.6,0.37,1.36,2.34,3.18,2.86,0.86,3.04])
(1.0,[0.96,1.08,0.32,0.58,1.3,3.18,2.63,1.22,3.12])
(0.0,[0.67,1.28,0.51,1.02,1.26,3.17,2.87,3.01,3.3])
(1.0,[0.7,2.12,0.59,0.58,1.82,3.19,2.62,1.12,2.5])
(1.0,[0.74,1.68,0.5,1.5,2.52,3.18,2.86,1.54,2.48])
(0.0,[0.7,1.4,0.62,0.98,2.44,3.18,2.74,1.6,2.74])

data_6:度假村：NaiveBayes精度----->0.4444444444444444
(1.0,0.0)
(0.0,1.0)
(1.0,0.0)
(0.0,0.0)
(1.0,1.0)
(0.0,0.0)
(0.0,1.0)
(1.0,0.0)
(1.0,1.0)
(0.0,[0.96,2.0,1.94,0.51,1.02,3.19,2.7,1.7,2.38])
(1.0,[1.87,0.28,1.14,0.5,0.9,3.18,2.97,1.82,2.58])
(0.0,[0.35,1.36,2.25,0.46,1.1,3.19,2.73,1.89,2.94])
(0.0,[0.64,1.76,0.16,0.65,0.64,3.18,2.74,1.02,2.98])
(1.0,[0.64,1.6,1.23,0.37,1.36,3.18,2.86,0.86,3.04])
(0.0,[0.96,1.08,1.86,0.32,0.58,3.18,2.63,1.22,3.12])
(1.0,[1.31,0.92,2.37,0.62,0.74,3.2,2.82,1.57,2.58])
(0.0,[1.25,0.96,0.16,0.55,0.22,3.18,2.66,0.99,2.7])
(1.0,[1.02,1.68,0.21,0.53,0.38,3.18,2.74,1.54,2.56])

data_2:舞厅：NaiveBayes精度----->0.3333333333333333
(0.0,0.0)
(0.0,0.0)
(0.0,1.0)
(0.0,1.0)
(0.0,1.0)
(0.0,1.0)
(0.0,1.0)
(0.0,1.0)
(0.0,0.0)
(0.0,[0.9,0.67,0.5,1.38,2.1,3.18,2.98,1.41,2.86])
(0.0,[0.67,0.26,0.51,1.02,1.26,3.17,2.87,3.01,3.3])
(1.0,[0.7,2.42,0.59,0.58,1.82,3.19,2.62,1.12,2.5])
(1.0,[0.74,1.18,0.5,1.5,2.52,3.18,2.86,1.54,2.48])
(1.0,[0.7,0.88,0.62,0.98,2.44,3.18,2.74,1.6,2.74])
(1.0,[0.35,2.25,0.46,1.1,1.52,3.19,2.73,1.89,2.94])
(1.0,[0.64,0.16,0.65,0.64,1.48,3.18,2.74,1.02,2.98])
(1.0,[0.64,1.23,0.37,1.36,2.34,3.18,2.86,0.86,3.04])
(0.0,[0.96,1.86,0.32,0.58,1.3,3.18,2.63,1.22,3.12])

data_5:博物馆：NaiveBayes精度----->0.6404494382022472
(1.0,1.0)
(0.0,1.0)
(0.0,0.0)
(1.0,1.0)
(1.0,0.0)
(0.0,1.0)
(1.0,0.0)
(1.0,1.0)
(1.0,1.0)
(1.0,[0.9,1.12,0.67,0.5,2.1,3.18,2.98,1.41,2.86])
(1.0,[0.67,1.28,0.26,0.51,1.26,3.17,2.87,3.01,3.3])
(0.0,[0.7,2.12,2.42,0.59,1.82,3.19,2.62,1.12,2.5])
(1.0,[0.35,1.36,2.25,0.46,1.52,3.19,2.73,1.89,2.94])
(0.0,[0.64,1.76,0.16,0.65,1.48,3.18,2.74,1.02,2.98])
(1.0,[0.64,1.6,1.23,0.37,2.34,3.18,2.86,0.86,3.04])
(0.0,[0.96,1.08,1.86,0.32,1.3,3.18,2.63,1.22,3.12])
(1.0,[0.74,1.68,1.18,0.5,2.52,3.18,2.86,1.54,2.48])
(1.0,[0.7,1.4,0.88,0.62,2.44,3.18,2.74,1.6,2.74])
